Name,Symbol,Date,Open,High,Low,Close,Adj Close,Volume
DAYSTARTER USD,DST22408-USD,2022-10-26,0.0174529999494552,0.0200030002743005,0.0170130003243684,0.0185240004211664,0.0185240004211664,11442
DAYSTARTER USD,DST22408-USD,2022-10-27,0.0185240004211664,0.027785999700427,0.0170740000903606,0.022631999105215,0.022631999105215,12301
DAYSTARTER USD,DST22408-USD,2022-10-28,0.022631999105215,0.0445760004222393,0.019480999559164,0.0261140000075101,0.0261140000075101,12160
DAYSTARTER USD,DST22408-USD,2022-10-29,0.0261140000075101,0.0376590006053447,0.0236150007694959,0.0367880016565322,0.0367880016565322,10921
DAYSTARTER USD,DST22408-USD,2022-10-30,0.0367880016565322,0.0367880016565322,0.0257360003888607,0.0286250002682209,0.0286250002682209,10991
DAYSTARTER USD,DST22408-USD,2022-10-31,0.0271649993956089,0.0331370010972023,0.0259559992700815,0.0309379994869232,0.0309379994869232,10528
DAYSTARTER USD,DST22408-USD,2022-11-01,0.0309379994869232,0.0409570001065731,0.0296349991112947,0.0374369993805885,0.0374369993805885,11129
DAYSTARTER USD,DST22408-USD,2022-11-02,0.0374369993805885,0.0397769995033741,0.0332879982888698,0.0370999984443187,0.0370999984443187,10533
DAYSTARTER USD,DST22408-USD,2022-11-03,0.0370999984443187,0.0419009998440742,0.0358580015599727,0.0414009988307952,0.0414009988307952,11034
DAYSTARTER USD,DST22408-USD,2022-11-04,0.0414009988307952,0.046934001147747,0.039351001381874,0.046934001147747,0.046934001147747,11301
DAYSTARTER USD,DST22408-USD,2022-11-05,0.0469329990446567,0.0688399970531463,0.0428720004856586,0.0653380006551742,0.0653380006551742,11104
DAYSTARTER USD,DST22408-USD,2022-11-06,0.0653380006551742,0.0795250013470649,0.0640269964933395,0.0655160024762153,0.0655160024762153,11315
DAYSTARTER USD,DST22408-USD,2022-11-07,0.0655160024762153,0.0704070031642913,0.0649050027132034,0.0667259991168975,0.0667259991168975,10818
DAYSTARTER USD,DST22408-USD,2022-11-08,0.0667259991168975,0.0692460015416145,0.0450699999928474,0.0467620007693767,0.0467620007693767,11048
DAYSTARTER USD,DST22408-USD,2022-11-09,0.0467609986662864,0.048565998673439,0.0460899993777275,0.0471340008080005,0.0471340008080005,10789
DAYSTARTER USD,DST22408-USD,2022-11-10,0.0471360012888908,0.0486779995262622,0.0448019988834857,0.0456210002303123,0.0456210002303123,10861
DAYSTARTER USD,DST22408-USD,2022-11-11,0.0456200018525123,0.047274000942707,0.0418369993567466,0.0422249995172023,0.0422249995172023,11258
DAYSTARTER USD,DST22408-USD,2022-11-12,0.0422240011394023,0.0445440001785755,0.0351010002195835,0.0352910012006759,0.0352910012006759,10637
DAYSTARTER USD,DST22408-USD,2022-11-13,0.0352910012006759,0.0400750003755092,0.0350489988923072,0.0382120013236999,0.0382120013236999,11139
DAYSTARTER USD,DST22408-USD,2022-11-14,0.0382120013236999,0.0391249991953372,0.0350250005722045,0.0362839996814727,0.0362839996814727,10773
DAYSTARTER USD,DST22408-USD,2022-11-15,0.0362839996814727,0.0380330011248588,0.034970998764038,0.0357189998030662,0.0357189998030662,10650
DAYSTARTER USD,DST22408-USD,2022-11-16,0.0357090011239051,0.0363770015537738,0.0325829982757568,0.0342140011489391,0.0342140011489391,10771
DAYSTARTER USD,DST22408-USD,2022-11-17,0.0342140011489391,0.0356590002775192,0.0325799994170665,0.0353790000081062,0.0353790000081062,11111
DAYSTARTER USD,DST22408-USD,2022-11-18,0.0353790000081062,0.0359090007841587,0.0328489989042282,0.0352800004184246,0.0352800004184246,10659
DAYSTARTER USD,DST22408-USD,2022-11-19,0.0352809987962245,0.0357099995017051,0.0328329987823963,0.0352380014955997,0.0352380014955997,10719
DAYSTARTER USD,DST22408-USD,2022-11-20,0.0352380014955997,0.0356360003352165,0.0318850018084049,0.0321369990706443,0.0321369990706443,10480
DAYSTARTER USD,DST22408-USD,2022-11-21,0.0321380011737346,0.0346239991486072,0.0314330011606216,0.0331000015139579,0.0331000015139579,10926
DAYSTARTER USD,DST22408-USD,2022-11-22,0.0331000015139579,0.0340080000460147,0.0323490016162395,0.0328020006418228,0.0328020006418228,10585
DAYSTARTER USD,DST22408-USD,2022-11-23,0.0328029990196228,0.0350820012390613,0.0323599986732006,0.0341320000588893,0.0341320000588893,11520
DAYSTARTER USD,DST22408-USD,2022-11-24,0.0341320000588893,0.0357059985399246,0.0328270010650157,0.0352599993348121,0.0352599993348121,10881
DAYSTARTER USD,DST22408-USD,2022-11-25,0.0352590009570121,0.0353749990463256,0.0327030010521411,0.0346850007772445,0.0346850007772445,10819
DAYSTARTER USD,DST22408-USD,2022-11-26,0.0346850007772445,0.0353760011494159,0.0328060016036033,0.0344949997961521,0.0344949997961521,11050
DAYSTARTER USD,DST22408-USD,2022-11-27,0.0344949997961521,0.0358840003609657,0.0328149981796741,0.0340760014951229,0.0340760014951229,11200
DAYSTARTER USD,DST22408-USD,2022-11-28,0.0340760014951229,0.035190999507904,0.030961999669671,0.0339390002191066,0.0339390002191066,10966
DAYSTARTER USD,DST22408-USD,2022-11-29,0.0339390002191066,0.0351510010659694,0.0320079997181892,0.0342609994113445,0.0342609994113445,10711
DAYSTARTER USD,DST22408-USD,2022-11-30,0.0342609994113445,0.0354599989950656,0.0333289988338947,0.0341509990394115,0.0341509990394115,10695
DAYSTARTER USD,DST22408-USD,2022-12-01,0.0341509990394115,0.0354590006172657,0.0330910012125968,0.0343619994819164,0.0343619994819164,10620
DAYSTARTER USD,DST22408-USD,2022-12-02,0.0343610011041164,0.0361130014061927,0.0332910008728504,0.034961998462677,0.034961998462677,10818
DAYSTARTER USD,DST22408-USD,2022-12-03,0.034961998462677,0.0362620018422603,0.0334919989109039,0.0345520004630088,0.0345520004630088,10527
DAYSTARTER USD,DST22408-USD,2022-12-04,0.0345520004630088,0.0362159982323646,0.0334540009498596,0.0339739993214607,0.0339739993214607,10736
DAYSTARTER USD,DST22408-USD,2022-12-05,0.0339739993214607,0.0416069999337196,0.0334639996290206,0.0352020002901554,0.0352020002901554,11475
DAYSTARTER USD,DST22408-USD,2022-12-06,0.0352029986679554,0.0361230000853538,0.0324620008468627,0.0344729982316494,0.0344729982316494,12759
DAYSTARTER USD,DST22408-USD,2022-12-07,0.0344719998538494,0.0360519997775554,0.0327229984104633,0.0346699990332126,0.0346699990332126,12567
DAYSTARTER USD,DST22408-USD,2022-12-08,0.0346710011363029,0.0361439995467662,0.033110000193119,0.035615000873804,0.035615000873804,12205
DAYSTARTER USD,DST22408-USD,2022-12-09,0.0356139987707138,0.0361539982259273,0.0336630009114742,0.0345520004630088,0.0345520004630088,12180
DAYSTARTER USD,DST22408-USD,2022-12-10,0.0342019982635974,0.0361620001494884,0.0335620008409023,0.0355620011687278,0.0355620011687278,11183
DAYSTARTER USD,DST22408-USD,2022-12-11,0.0355609990656375,0.0361430011689662,0.0337419994175434,0.0350029990077018,0.0350029990077018,11148
DAYSTARTER USD,DST22408-USD,2022-12-12,0.0350029990077018,0.0361259989440441,0.0340319983661174,0.0356739982962608,0.0356739982962608,11326
DAYSTARTER USD,DST22408-USD,2022-12-13,0.0356739982962608,0.0361620001494884,0.034070998430252,0.0351609997451305,0.0351609997451305,11805
DAYSTARTER USD,DST22408-USD,2022-12-14,0.0360510013997554,0.0361529998481273,0.0349409990012645,0.0351539999246597,0.0351539999246597,11002
DAYSTARTER USD,DST22408-USD,2022-12-15,0.0351539999246597,0.0361640006303787,0.0343630015850067,0.0344530008733272,0.0344530008733272,11368
DAYSTARTER USD,DST22408-USD,2022-12-16,0.0351630002260208,0.0361340008676052,0.0340219996869564,0.0343249998986721,0.0343249998986721,11423
DAYSTARTER USD,DST22408-USD,2022-12-17,0.0343249998986721,0.0354560017585754,0.0340230017900466,0.0348360016942024,0.0348360016942024,11727
DAYSTARTER USD,DST22408-USD,2022-12-18,0.0348349995911121,0.0356759987771511,0.0340549983084201,0.0345849990844726,0.0345849990844726,11510
DAYSTARTER USD,DST22408-USD,2022-12-19,0.0351749993860721,0.0356750003993511,0.0340319983661174,0.0348130017518997,0.0348130017518997,12068
DAYSTARTER USD,DST22408-USD,2022-12-20,0.0348130017518997,0.0360540002584457,0.0340519994497299,0.0353339985013008,0.0353339985013008,16245
DAYSTARTER USD,DST22408-USD,2022-12-21,0.0348430015146732,0.0358630008995533,0.0328739993274211,0.0355929993093013,0.0355929993093013,21178
DAYSTARTER USD,DST22408-USD,2022-12-22,0.0355929993093013,0.0356420017778873,0.0332630015909671,0.035530000925064,0.035530000925064,20530
DAYSTARTER USD,DST22408-USD,2022-12-23,0.035530000925064,0.0361119993031024,0.0342510007321834,0.0358089990913867,0.0358089990913867,31288
DAYSTARTER USD,DST22408-USD,2022-12-24,0.0358790010213851,0.0360109992325305,0.0335589982569217,0.0342100001871585,0.0342100001871585,104902
DAYSTARTER USD,DST22408-USD,2022-12-25,0.0343099981546402,0.0354470014572143,0.0331569984555244,0.0343180000782012,0.0343180000782012,136453
DAYSTARTER USD,DST22408-USD,2022-12-26,0.0345380008220672,0.0358980000019073,0.0335180014371871,0.0346600003540515,0.0346600003540515,51428
DAYSTARTER USD,DST22408-USD,2022-12-27,0.0346589982509613,0.0360350012779235,0.0335469990968704,0.0352450013160705,0.0352450013160705,148021
DAYSTARTER USD,DST22408-USD,2022-12-28,0.035275001078844,0.0360249988734722,0.0336499996483325,0.0353790000081062,0.0353790000081062,154960
DAYSTARTER USD,DST22408-USD,2022-12-29,0.0350789986550807,0.03609000146389,0.0335920006036758,0.0352009981870651,0.0352009981870651,79527
DAYSTARTER USD,DST22408-USD,2022-12-30,0.0353499986231327,0.0359590016305446,0.0331289991736412,0.0352279990911483,0.0352279990911483,71001
DAYSTARTER USD,DST22408-USD,2022-12-31,0.0351880006492137,0.0354610010981559,0.0343700014054775,0.0350989997386932,0.0350989997386932,92721
DAYSTARTER USD,DST22408-USD,2023-01-01,0.0350989997386932,0.0357160009443759,0.0341279990971088,0.0346090011298656,0.0346090011298656,104860
DAYSTARTER USD,DST22408-USD,2023-01-02,0.0352189987897872,0.0359879992902278,0.0330730006098747,0.03541199862957,0.03541199862957,105364
DAYSTARTER USD,DST22408-USD,2023-01-03,0.0353819988667964,0.03575100004673,0.0334739983081817,0.0351819992065429,0.0351819992065429,105925
DAYSTARTER USD,DST22408-USD,2023-01-04,0.0353510007262229,0.0360939987003803,0.0337219983339309,0.035810999572277,0.035810999572277,106279
DAYSTARTER USD,DST22408-USD,2023-01-05,0.035420998930931,0.0360939987003803,0.0335929989814758,0.0357390008866786,0.0357390008866786,106691
DAYSTARTER USD,DST22408-USD,2023-01-06,0.0357600003480911,0.0363879986107349,0.0303610004484653,0.0350610017776489,0.0350610017776489,318595
DAYSTARTER USD,DST22408-USD,2023-01-07,0.035080999135971,0.0350940003991127,0.033534001559019,0.034605998545885,0.034605998545885,68946
DAYSTARTER USD,DST22408-USD,2023-01-08,0.0346259996294975,0.0346660017967224,0.0335969999432563,0.0346280001103878,0.0346280001103878,68058
DAYSTARTER USD,DST22408-USD,2023-01-09,0.0346480011940002,0.0346710011363029,0.0339480005204677,0.0340999998152256,0.0340999998152256,67687
DAYSTARTER USD,DST22408-USD,2023-01-10,0.0346600003540515,0.0347100012004375,0.0338689982891082,0.0343430005013942,0.0343430005013942,52232
DAYSTARTER USD,DST22408-USD,2023-01-11,0.0343430005013942,0.0344410017132759,0.0342420004308223,0.0343209989368915,0.0343209989368915,21539
DAYSTARTER USD,DST22408-USD,2023-01-12,0.0344120003283023,0.0344440005719661,0.0342799983918666,0.0344230011105537,0.0344230011105537,30108
DAYSTARTER USD,DST22408-USD,2023-01-13,0.0344239994883537,0.0344879999756813,0.0342819988727569,0.0344870015978813,0.0344870015978813,34396
DAYSTARTER USD,DST22408-USD,2023-01-14,0.0344870015978813,0.0344970002770423,0.034485001116991,0.0344949997961521,0.0344949997961521,34446
DAYSTARTER USD,DST22408-USD,2023-01-15,0.0344949997961521,0.0345069989562034,0.0344940014183521,0.0345030017197132,0.0345030017197132,34472
DAYSTARTER USD,DST22408-USD,2023-01-16,0.0345019996166229,0.0345060005784034,0.0344929993152618,0.0344940014183521,0.0344940014183521,27165
DAYSTARTER USD,DST22408-USD,2023-01-17,0.0344940014183521,0.0344999991357326,0.0344920009374618,0.0344940014183521,0.0344940014183521,24845
DAYSTARTER USD,DST22408-USD,2023-01-18,0.0344940014183521,0.0344999991357326,0.0344889983534812,0.0344900004565715,0.0344900004565715,24864
DAYSTARTER USD,DST22408-USD,2023-01-19,0.0344900004565715,0.0344929993152618,0.0344879999756813,0.0344909988343715,0.0344909988343715,24864
DAYSTARTER USD,DST22408-USD,2023-01-20,0.0344900004565715,0.0344979986548423,0.0344889983534812,0.0344959981739521,0.0344959981739521,32651
DAYSTARTER USD,DST22408-USD,2023-01-21,0.0344959981739521,0.0345040000975132,0.0344940014183521,0.0344970002770423,0.0344970002770423,34474
DAYSTARTER USD,DST22408-USD,2023-01-22,0.0344979986548423,0.0344990007579326,0.0344940014183521,0.0344979986548423,0.0344979986548423,34431
DAYSTARTER USD,DST22408-USD,2023-01-23,0.0344979986548423,0.0344979986548423,0.0344929993152618,0.0344970002770423,0.0344970002770423,34461
DAYSTARTER USD,DST22408-USD,2023-01-24,0.0344970002770423,0.0344970002770423,0.0344339981675148,0.0344339981675148,0.0344339981675148,34462
DAYSTARTER USD,DST22408-USD,2023-01-25,0.0344339981675148,0.0344399996101856,0.0343080013990402,0.0343960002064704,0.0343960002064704,33120
DAYSTARTER USD,DST22408-USD,2023-01-26,0.0343969985842704,0.0344039984047412,0.0343829989433288,0.0343930013477802,0.0343930013477802,34327
DAYSTARTER USD,DST22408-USD,2023-01-27,0.0343930013477802,0.034400001168251,0.0343820005655288,0.0343960002064704,0.0343960002064704,34360
DAYSTARTER USD,DST22408-USD,2023-01-28,0.0343960002064704,0.034400001168251,0.0340080000460147,0.0343069992959499,0.0343069992959499,34334
DAYSTARTER USD,DST22408-USD,2023-01-29,0.0343069992959499,0.0343790017068386,0.0342440009117126,0.0342830009758472,0.0342830009758472,34244
DAYSTARTER USD,DST22408-USD,2023-01-30,0.0342830009758472,0.0343540012836456,0.034240998327732,0.0342830009758472,0.0342830009758472,34215
DAYSTARTER USD,DST22408-USD,2023-01-31,0.0342729985713958,0.0343549996614456,0.0342399999499321,0.0343139991164207,0.0343139991164207,34113
DAYSTARTER USD,DST22408-USD,2023-02-01,0.034315001219511,0.0343560017645359,0.0342420004308223,0.0343130007386207,0.0343130007386207,34215
DAYSTARTER USD,DST22408-USD,2023-02-02,0.0343130007386207,0.0343599990010261,0.0342429988086223,0.0342449992895126,0.0342449992895126,34176
DAYSTARTER USD,DST22408-USD,2023-02-03,0.0343549996614456,0.0343649983406066,0.0340530015528202,0.0342440009117126,0.0342440009117126,34165
DAYSTARTER USD,DST22408-USD,2023-02-04,0.0342440009117126,0.0343240015208721,0.0340819992125034,0.0342629998922348,0.0342629998922348,34132
DAYSTARTER USD,DST22408-USD,2023-02-05,0.0342629998922348,0.0343279987573623,0.0340560004115104,0.0342269986867904,0.0342269986867904,34155
DAYSTARTER USD,DST22408-USD,2023-02-06,0.0342269986867904,0.0343189984560012,0.0340530015528202,0.0340530015528202,0.0340530015528202,34138
DAYSTARTER USD,DST22408-USD,2023-02-07,0.0340530015528202,0.0343989990651607,0.0340519994497299,0.0343930013477802,0.0343930013477802,34348
DAYSTARTER USD,DST22408-USD,2023-02-08,0.0343930013477802,0.0343980006873607,0.0343910008668899,0.0343950018286705,0.0343950018286705,34308
DAYSTARTER USD,DST22408-USD,2023-02-09,0.0343939997255802,0.0343989990651607,0.0343910008668899,0.0343950018286705,0.0343950018286705,34403
DAYSTARTER USD,DST22408-USD,2023-02-10,0.0343950018286705,0.0347580015659332,0.0343279987573623,0.034705001860857,0.034705001860857,34498
DAYSTARTER USD,DST22408-USD,2023-02-11,0.0347069986164569,0.0347549989819526,0.0346940010786056,0.034706000238657,0.034706000238657,34668
DAYSTARTER USD,DST22408-USD,2023-02-12,0.034705001860857,0.0347560010850429,0.0346949994564056,0.0347069986164569,0.0347069986164569,34684
DAYSTARTER USD,DST22408-USD,2023-02-13,0.0347069986164569,0.0347759984433651,0.0346979983150959,0.0347319990396499,0.0347319990396499,34681
DAYSTARTER USD,DST22408-USD,2023-02-14,0.0347220003604888,0.0347869992256164,0.0347030013799667,0.0347339995205402,0.0347339995205402,34694
DAYSTARTER USD,DST22408-USD,2023-02-15,0.0347339995205402,0.034765999764204,0.0346969999372959,0.0347280018031597,0.0347280018031597,34693
DAYSTARTER USD,DST22408-USD,2023-02-16,0.0347280018031597,0.0347580015659332,0.0346949994564056,0.0346960015594959,0.0346960015594959,34692
DAYSTARTER USD,DST22408-USD,2023-02-17,0.0346960015594959,0.0347549989819526,0.0346940010786056,0.0347479991614818,0.0347479991614818,34678
DAYSTARTER USD,DST22408-USD,2023-02-18,0.0347269997000694,0.0347589999437332,0.0346960015594959,0.034706000238657,0.034706000238657,34695
DAYSTARTER USD,DST22408-USD,2023-02-19,0.034706000238657,0.0347589999437332,0.0346960015594959,0.0347280018031597,0.0347280018031597,34676
DAYSTARTER USD,DST22408-USD,2023-02-20,0.0347290001809597,0.0347490012645721,0.0346149988472461,0.0346460007131099,0.0346460007131099,34630
DAYSTARTER USD,DST22408-USD,2023-02-21,0.0346460007131099,0.0347030013799667,0.0346129983663558,0.0346149988472461,0.0346149988472461,34533
DAYSTARTER USD,DST22408-USD,2023-02-22,0.0346149988472461,0.0346660017967224,0.0346119999885559,0.0346629992127418,0.0346629992127418,34535
DAYSTARTER USD,DST22408-USD,2023-02-23,0.0346629992127418,0.0346660017967224,0.0346119999885559,0.0346239991486072,0.0346239991486072,34608
DAYSTARTER USD,DST22408-USD,2023-02-24,0.0346239991486072,0.0346679985523223,0.0346110016107559,0.0346320010721683,0.0346320010721683,34548
DAYSTARTER USD,DST22408-USD,2023-02-25,0.0346219986677169,0.0346640013158321,0.0346119999885559,0.0346149988472461,0.0346149988472461,34611
DAYSTARTER USD,DST22408-USD,2023-02-26,0.0346149988472461,0.0346649996936321,0.0346119999885559,0.0346230007708072,0.0346230007708072,34583
DAYSTARTER USD,DST22408-USD,2023-02-27,0.0346230007708072,0.0346640013158321,0.0346119999885559,0.0346359983086586,0.0346359983086586,34565
DAYSTARTER USD,DST22408-USD,2023-02-28,0.0346349999308586,0.0346670001745224,0.0346129983663558,0.0346349999308586,0.0346349999308586,34544
DAYSTARTER USD,DST22408-USD,2023-03-01,0.0346359983086586,0.0346670001745224,0.0346129983663558,0.0346250012516975,0.0346250012516975,34535
DAYSTARTER USD,DST22408-USD,2023-03-02,0.0346250012516975,0.0346570014953613,0.0346110016107559,0.0346129983663558,0.0346129983663558,34531
DAYSTARTER USD,DST22408-USD,2023-03-03,0.0346129983663558,0.0346239991486072,0.0346119999885559,0.0346129983663558,0.0346129983663558,34558
DAYSTARTER USD,DST22408-USD,2023-03-04,0.0346129983663558,0.0346359983086586,0.0346119999885559,0.0346239991486072,0.0346239991486072,34529
DAYSTARTER USD,DST22408-USD,2023-03-05,0.0346239991486072,0.0346379987895488,0.0346119999885559,0.0346340015530586,0.0346340015530586,34552
DAYSTARTER USD,DST22408-USD,2023-03-06,0.0346329994499683,0.0346349999308586,0.0337119996547699,0.034630000591278,0.034630000591278,34482
DAYSTARTER USD,DST22408-USD,2023-03-07,0.034630998969078,0.034630998969078,0.0346090011298656,0.0346099995076656,0.0346099995076656,34511
DAYSTARTER USD,DST22408-USD,2023-03-08,0.0346110016107559,0.0346210002899169,0.0345899984240531,0.0345899984240531,0.0345899984240531,34514
DAYSTARTER USD,DST22408-USD,2023-03-09,0.0345899984240531,0.0345899984240531,0.0341480001807212,0.0341500006616115,0.0341500006616115,34245
DAYSTARTER USD,DST22408-USD,2023-03-10,0.0341489985585212,0.0341500006616115,0.0338549986481666,0.0339529998600482,0.0339529998600482,33829
DAYSTARTER USD,DST22408-USD,2023-03-11,0.0339520014822483,0.0351869985461235,0.0337009988725185,0.0340510010719299,0.0340510010719299,33963
DAYSTARTER USD,DST22408-USD,2023-03-12,0.0340449996292591,0.0342140011489391,0.0338370017707347,0.0338709987699985,0.0338709987699985,33890
DAYSTARTER USD,DST22408-USD,2023-03-13,0.0338720008730888,0.0350119993090629,0.0336529985070228,0.0348570011556148,0.0348570011556148,34214
DAYSTARTER USD,DST22408-USD,2023-03-14,0.0348559990525245,0.0350079983472824,0.0347599983215332,0.0348439998924732,0.0348439998924732,34745
DAYSTARTER USD,DST22408-USD,2023-03-15,0.0348219983279705,0.0349220000207424,0.0337600000202655,0.0347010008990764,0.0347010008990764,34404
DAYSTARTER USD,DST22408-USD,2023-03-16,0.0347019992768764,0.0347220003604888,0.0344539992511272,0.0344650000333786,0.0344650000333786,34435
DAYSTARTER USD,DST22408-USD,2023-03-17,0.0344640016555786,0.0345179997384548,0.0341669991612434,0.034205999225378,0.034205999225378,34284
DAYSTARTER USD,DST22408-USD,2023-03-18,0.0342039987444877,0.034255001693964,0.034070000052452,0.0340929999947547,0.0340929999947547,34109
DAYSTARTER USD,DST22408-USD,2023-03-19,0.0340920016169548,0.034120999276638,0.0339879989624023,0.0340199992060661,0.0340199992060661,33911
DAYSTARTER USD,DST22408-USD,2023-03-20,0.0340199992060661,0.0340519994497299,0.0339079983532428,0.0339329987764358,0.0339329987764358,33843
DAYSTARTER USD,DST22408-USD,2023-03-21,0.0339340008795261,0.0339929983019828,0.0338779985904693,0.0339309982955455,0.0339309982955455,33836
DAYSTARTER USD,DST22408-USD,2023-03-22,0.0339309982955455,0.0339629985392093,0.0337949991226196,0.0339110009372234,0.0339110009372234,33786
DAYSTARTER USD,DST22408-USD,2023-03-23,0.0339090004563331,0.0348140001296997,0.0338220000267028,0.0345159992575645,0.0345159992575645,34034
DAYSTARTER USD,DST22408-USD,2023-03-24,0.0345170013606548,0.0346719995141029,0.0341669991612434,0.0346250012516975,0.0346250012516975,34525
DAYSTARTER USD,DST22408-USD,2023-03-25,0.0346250012516975,0.0346629992127418,0.0344510003924369,0.0345579981803894,0.0345579981803894,34503
DAYSTARTER USD,DST22408-USD,2023-03-26,0.0345579981803894,0.0346419997513294,0.0344420000910759,0.034596998244524,0.034596998244524,34473
DAYSTARTER USD,DST22408-USD,2023-03-27,0.0346070006489753,0.0346219986677169,0.0343960002064704,0.0345479995012283,0.0345479995012283,34435
DAYSTARTER USD,DST22408-USD,2023-03-28,0.0345579981803894,0.0346099995076656,0.0344109982252121,0.0345919989049434,0.0345919989049434,34405
DAYSTARTER USD,DST22408-USD,2023-03-29,0.0345910005271434,0.034605998545885,0.0344120003283023,0.0345729999244213,0.0345729999244213,34446
DAYSTARTER USD,DST22408-USD,2023-03-30,0.0345739983022213,0.0345899984240531,0.0344289988279342,0.0345759987831115,0.0345759987831115,34233
DAYSTARTER USD,DST22408-USD,2023-03-31,0.0345759987831115,0.0346020013093948,0.0344090014696121,0.0344410017132759,0.0344410017132759,34263
DAYSTARTER USD,DST22408-USD,2023-04-01,0.0344510003924369,0.0346129983663558,0.0344190001487731,0.0345270000398159,0.0345270000398159,34340
DAYSTARTER USD,DST22408-USD,2023-04-02,0.0344920009374618,0.0346099995076656,0.0344149991869926,0.0344580002129077,0.0344580002129077,34333
DAYSTARTER USD,DST22408-USD,2023-04-03,0.0344670005142688,9.000679016113281,0.0324920006096363,0.1491490006446838,0.1491490006446838,34700
DAYSTARTER USD,DST22408-USD,2023-04-04,0.1491480022668838,0.2919810116291046,0.1247859969735145,0.1764770001173019,0.1764770001173019,40826
DAYSTARTER USD,DST22408-USD,2023-04-05,0.1764740049839019,0.3078530132770538,0.1487649977207183,0.1836860030889511,0.1836860030889511,50400
DAYSTARTER USD,DST22408-USD,2023-04-06,0.1836840063333511,0.1841910034418106,0.1250730007886886,0.1781470030546188,0.1781470030546188,22655
DAYSTARTER USD,DST22408-USD,2023-04-07,0.1781480014324188,0.1813360005617141,0.1641660034656524,0.16423299908638,0.16423299908638,22529
DAYSTARTER USD,DST22408-USD,2023-04-08,0.16422900557518,0.1653099954128265,0.1508760005235672,0.1509319990873336,0.1509319990873336,20865
DAYSTARTER USD,DST22408-USD,2023-04-09,0.1509370058774948,0.171984001994133,0.1509069949388504,0.170415997505188,0.170415997505188,22475
DAYSTARTER USD,DST22408-USD,2023-04-10,0.1704189926385879,0.1704680025577545,0.1320260018110275,0.1596879959106445,0.1596879959106445,22665
DAYSTARTER USD,DST22408-USD,2023-04-11,0.1596959978342056,0.1596959978342056,0.110275998711586,0.1522369980812072,0.1522369980812072,23056
DAYSTARTER USD,DST22408-USD,2023-04-12,0.1522520035505294,0.154912993311882,0.0832810029387474,0.1268540024757385,0.1268540024757385,19422
DAYSTARTER USD,DST22408-USD,2023-04-13,0.1359799951314926,0.1480029970407486,0.0750539973378181,0.1215270012617111,0.1215270012617111,20426
DAYSTARTER USD,DST22408-USD,2023-04-14,0.1214829981327056,0.1267170011997223,0.0489239990711212,0.0489239990711212,0.0489239990711212,16900
DAYSTARTER USD,DST22408-USD,2023-04-15,0.0489239990711212,0.0642179995775222,0.0484610013663768,0.053906001150608,0.053906001150608,8525
DAYSTARTER USD,DST22408-USD,2023-04-16,0.0538860000669956,0.0538860000669956,0.0380689986050128,0.0493250004947185,0.0493250004947185,7957
DAYSTARTER USD,DST22408-USD,2023-04-17,0.0493250004947185,0.0507440008223056,0.034545000642538,0.0351109988987445,0.0351109988987445,7128
DAYSTARTER USD,DST22408-USD,2023-04-18,0.0351089984178543,0.0503569990396499,0.0350989997386932,0.048539001494646,0.048539001494646,7227
DAYSTARTER USD,DST22408-USD,2023-04-19,0.048539001494646,0.0485789999365806,0.0430589988827705,0.0474260002374649,0.0474260002374649,6185
DAYSTARTER USD,DST22408-USD,2023-04-20,0.0474260002374649,0.048454999923706,0.0350270010530948,0.0359239988029003,0.0359239988029003,5906
DAYSTARTER USD,DST22408-USD,2023-04-21,0.0359239988029003,0.0481670014560222,0.0345619991421699,0.0361450016498565,0.0361450016498565,6596
DAYSTARTER USD,DST22408-USD,2023-04-22,0.0361450016498565,0.0361450016498565,0.03159099817276,0.0334040001034736,0.0334040001034736,3182
DAYSTARTER USD,DST22408-USD,2023-04-23,0.0334040001034736,0.0344810001552104,0.0320699997246265,0.0328579992055892,0.0328579992055892,2847
DAYSTARTER USD,DST22408-USD,2023-04-24,0.0328590013086795,0.0328910015523433,0.0169120002537965,0.0307049993425607,0.0307049993425607,3164
DAYSTARTER USD,DST22408-USD,2023-04-25,0.0307049993425607,0.0307080000638961,0.0208529997617006,0.0260019991546869,0.0260019991546869,3169
DAYSTARTER USD,DST22408-USD,2023-04-26,0.0260019991546869,0.0261930003762245,0.0256050005555152,0.0261499993503093,0.0261499993503093,3646
DAYSTARTER USD,DST22408-USD,2023-04-27,0.0261499993503093,0.0314740017056465,0.0261160004884004,0.0314350016415119,0.0314350016415119,1678
DAYSTARTER USD,DST22408-USD,2023-04-28,0.0314350016415119,0.0348399989306926,0.0314310006797313,0.0341259986162185,0.0341259986162185,6416
DAYSTARTER USD,DST22408-USD,2023-04-29,0.0341279990971088,0.0341500006616115,0.0320539996027946,0.0336889997124671,0.0336889997124671,4498
DAYSTARTER USD,DST22408-USD,2023-04-30,0.0336889997124671,0.0336970016360282,0.0305269993841648,0.0323829986155033,0.0323829986155033,4165
DAYSTARTER USD,DST22408-USD,2023-05-01,0.0323829986155033,0.0324000008404254,0.031259998679161,0.0318900011479854,0.0318900011479854,4034
DAYSTARTER USD,DST22408-USD,2023-05-02,0.0318900011479854,0.0319169983267784,0.0278169997036457,0.0278500001877546,0.0278500001877546,3646
DAYSTARTER USD,DST22408-USD,2023-05-03,0.0278510004281997,0.0320309996604919,0.0256270002573728,0.0320309996604919,0.0320309996604919,3661
DAYSTARTER USD,DST22408-USD,2023-05-04,0.0320300012826919,0.0320420004427433,0.012466000393033,0.0150589998811483,0.0150589998811483,5329
DAYSTARTER USD,DST22408-USD,2023-05-05,0.0150579996407032,0.0330299995839595,0.0128210000693798,0.0201309993863105,0.0201309993863105,8115
DAYSTARTER USD,DST22408-USD,2023-05-06,0.0201200004667043,0.02012600004673,0.0100680002942681,0.0118720000609755,0.0118720000609755,3833
DAYSTARTER USD,DST22408-USD,2023-05-07,0.0118720000609755,0.0132550001144409,0.0100119998678565,0.0112060001119971,0.0112060001119971,2121
DAYSTARTER USD,DST22408-USD,2023-05-08,0.0115759996697306,0.0169190000742673,0.0115010002627968,0.0139840003103017,0.0139840003103017,3612
DAYSTARTER USD,DST22408-USD,2023-05-09,0.0139840003103017,0.0188410002738237,0.010793000459671,0.0111260004341602,0.0111260004341602,9736
DAYSTARTER USD,DST22408-USD,2023-05-10,0.0111469998955726,0.0185519997030496,0.0100539997220039,0.0113789997994899,0.0113789997994899,6326
DAYSTARTER USD,DST22408-USD,2023-05-11,0.0113789997994899,0.0190179999917745,0.0113789997994899,0.0153280002996325,0.0153280002996325,5724
DAYSTARTER USD,DST22408-USD,2023-05-12,0.0159389991313219,0.0280969999730587,0.0120710004121065,0.0188629999756813,0.0188629999756813,9273
DAYSTARTER USD,DST22408-USD,2023-05-13,0.0188619997352361,0.0226939991116523,0.0180110000073909,0.0186390001326799,0.0186390001326799,2705
DAYSTARTER USD,DST22408-USD,2023-05-14,0.0186379998922348,0.0186989996582269,0.0177009999752044,0.0180389992892742,0.0180389992892742,2403
DAYSTARTER USD,DST22408-USD,2023-05-15,0.0180380009114742,0.0224849991500377,0.0180319994688034,0.0223329998552799,0.0223329998552799,2697
DAYSTARTER USD,DST22408-USD,2023-05-16,0.0223130006343126,0.0226130001246929,0.0177350006997585,0.0225419998168945,0.0225419998168945,2927
DAYSTARTER USD,DST22408-USD,2023-05-17,0.0225520003587007,0.023429999127984,0.0225329995155334,0.0234239995479583,0.0234239995479583,2957
DAYSTARTER USD,DST22408-USD,2023-05-18,0.0234239995479583,0.0280969999730587,0.0234179999679327,0.0278379991650581,0.0278379991650581,3514
DAYSTARTER USD,DST22408-USD,2023-05-19,0.0278500001877546,0.0280980002135038,0.0277769993990659,0.0279959999024868,0.0279959999024868,3638
DAYSTARTER USD,DST22408-USD,2023-05-20,0.0279970001429319,0.0282099992036819,0.0260090008378028,0.0278830006718635,0.0278830006718635,3679
DAYSTARTER USD,DST22408-USD,2023-05-21,0.0278830006718635,0.0280740000307559,0.0278680007904768,0.0280479993671178,0.0280479993671178,3630
DAYSTARTER USD,DST22408-USD,2023-05-22,0.0280469991266727,0.0280690006911754,0.0280179996043443,0.028048999607563,0.028048999607563,3634
DAYSTARTER USD,DST22408-USD,2023-05-23,0.028048999607563,0.0281210001558065,0.0280269999057054,0.0281140003353357,0.0281140003353357,3641
DAYSTARTER USD,DST22408-USD,2023-05-24,0.0281140003353357,0.0281399991363286,0.0280939992517232,0.0281279999762773,0.0281279999762773,3642
DAYSTARTER USD,DST22408-USD,2023-05-25,0.0281269997358322,0.0285679996013641,0.0179999992251396,0.0285640005022287,0.0285640005022287,4724
DAYSTARTER USD,DST22408-USD,2023-05-26,0.0285640005022287,0.0286469999700784,0.0183150004595518,0.0286410003900527,0.0286410003900527,4909
DAYSTARTER USD,DST22408-USD,2023-05-27,0.0286400001496076,0.0293700005859136,0.0143069997429847,0.0182809997349977,0.0182809997349977,6544
DAYSTARTER USD,DST22408-USD,2023-05-28,0.0182799994945526,0.0263909995555877,0.0111630000174045,0.0116229997947812,0.0116229997947812,3837
DAYSTARTER USD,DST22408-USD,2023-05-29,0.0118840001523494,0.0140519998967647,0.010402999818325,0.011753000319004,0.011753000319004,3494
DAYSTARTER USD,DST22408-USD,2023-05-30,0.0117629999294877,0.015273000113666,0.0102239996194839,0.0111239999532699,0.0111239999532699,2590
DAYSTARTER USD,DST22408-USD,2023-05-31,0.011384000070393,0.0124519998207688,0.0098710004240274,0.0103550003841519,0.0103550003841519,2244
DAYSTARTER USD,DST22408-USD,2023-06-01,0.0103550003841519,0.0117769995704293,0.0103230001404881,0.0114430002868175,0.0114430002868175,1681
DAYSTARTER USD,DST22408-USD,2023-06-02,0.0114420000463724,0.0116579998284578,0.0061320001259446,0.0074729998596012,0.0074729998596012,2734
DAYSTARTER USD,DST22408-USD,2023-06-03,0.0074729998596012,0.0076219998300075,0.0048810001462697,0.0071009998209774,0.0071009998209774,11162
DAYSTARTER USD,DST22408-USD,2023-06-04,0.0071009998209774,0.0073830001056194,0.0005799999926239,0.0024709999561309,0.0024709999561309,11405
DAYSTARTER USD,DST22408-USD,2023-06-05,0.0024709999561309,0.0024920001160353,0.002199999988079,0.0022710000630468,0.0022710000630468,2363
DAYSTARTER USD,DST22408-USD,2023-06-06,0.0022710000630468,0.0243699997663497,0.0022690000478178,0.0060709998942911,0.0060709998942911,23300
DAYSTARTER USD,DST22408-USD,2023-06-07,0.0060709998942911,0.0065460000187158,0.0050389999523758,0.005040000192821,0.005040000192821,1050
DAYSTARTER USD,DST22408-USD,2023-06-08,0.005040000192821,0.0050429999828338,0.0048589999787509,0.0049009998328983,0.0049009998328983,144
DAYSTARTER USD,DST22408-USD,2023-06-09,0.0049009998328983,0.0049029998481273,0.0048870001919567,0.0048899999819695,0.0048899999819695,54
DAYSTARTER USD,DST22408-USD,2023-06-10,0.0048899999819695,0.0048949997872114,0.0035470000002533,0.0036420000251382,0.0036420000251382,166
DAYSTARTER USD,DST22408-USD,2023-06-11,0.0036420000251382,0.0036539998836815,0.0035610001068562,0.0036510000936686,0.0036510000936686,43
DAYSTARTER USD,DST22408-USD,2023-06-12,0.0036510000936686,0.003654999891296,0.0036450000479817,0.0036500000860542,0.0036500000860542,20
DAYSTARTER USD,DST22408-USD,2023-06-13,0.0036500000860542,0.003654999891296,0.0032669999636709,0.0032989999745041,0.0032989999745041,380
DAYSTARTER USD,DST22408-USD,2023-06-14,0.0032989999745041,0.0033009999897331,0.0032790000550448,0.0032889998983591,0.0032889998983591,0
DAYSTARTER USD,DST22408-USD,2023-06-15,0.0032889998983591,0.0032899999059736,0.0032760000322014,0.0032879998907446,0.0032879998907446,0
DAYSTARTER USD,DST22408-USD,2023-06-16,0.0032879998907446,0.0032879998907446,0.002597999991849,0.0026179999113082,0.0026179999113082,52
DAYSTARTER USD,DST22408-USD,2023-06-17,0.0026179999113082,0.0026199999265372,0.0023479999508708,0.0023489999584853,0.0023489999584853,20
DAYSTARTER USD,DST22408-USD,2023-06-18,0.0023489999584853,0.0023509999737143,0.00202800007537,0.0020500000100582,0.0020500000100582,114
DAYSTARTER USD,DST22408-USD,2023-06-19,0.0020500000100582,0.0020910000894218,0.0020490000024437,0.0020900000818073,0.0020900000818073,281
DAYSTARTER USD,DST22408-USD,2023-06-20,0.0020890000741928,0.0021899999119341,0.002068999921903,0.0021810000762343,0.0021810000762343,258
DAYSTARTER USD,DST22408-USD,2023-06-21,0.0021810000762343,0.0021840000990778,0.0020000000949949,0.0020000000949949,0.0020000000949949,1
DAYSTARTER USD,DST22408-USD,2023-06-22,0.0020000000949949,0.0020010001026093,0.0019880000036209,0.0019900000188499,0.0019900000188499,0
DAYSTARTER USD,DST22408-USD,2023-06-23,0.0019910000264644,0.0019940000493079,0.0019890000112354,0.0019910000264644,0.0019910000264644,0
DAYSTARTER USD,DST22408-USD,2023-06-24,0.0019910000264644,0.002371999900788,0.001501000020653,0.0019910000264644,0.0019910000264644,1486
DAYSTARTER USD,DST22408-USD,2023-06-25,0.0019910000264644,0.0024119999725371,0.0019890000112354,0.0024009998887777,0.0024009998887777,293
DAYSTARTER USD,DST22408-USD,2023-06-26,0.0024009998887777,0.0024019998963922,0.0023950000759214,0.0024000001139938,0.0024000001139938,64
DAYSTARTER USD,DST22408-USD,2023-06-27,0.0024000001139938,0.0024009998887777,0.0019980000797659,0.0020000000949949,0.0020000000949949,2
DAYSTARTER USD,DST22408-USD,2023-06-28,0.0020000000949949,0.0020010001026093,0.0019960000645369,0.0020000000949949,0.0020000000949949,0
DAYSTARTER USD,DST22408-USD,2023-06-29,0.0020000000949949,0.0024109999649226,0.0019990000873804,0.0024099999573081,0.0024099999573081,0
DAYSTARTER USD,DST22408-USD,2023-06-30,0.0024099999573081,0.0024099999573081,0.0015229999553412,0.0015300000086426,0.0015300000086426,20
DAYSTARTER USD,DST22408-USD,2023-07-01,0.0015300000086426,0.0015310000162571,0.0015290000010281,0.0015300000086426,0.0015300000086426,20
DAYSTARTER USD,DST22408-USD,2023-07-02,0.0015300000086426,0.0015310000162571,0.0015059999423101,0.0015099999727681,0.0015099999727681,20
DAYSTARTER USD,DST22408-USD,2023-07-03,0.0015099999727681,0.0021720000077039,0.0015099999727681,0.0019600000232458,0.0019600000232458,155
DAYSTARTER USD,DST22408-USD,2023-07-04,0.0020699999295175,0.0021810000762343,0.001520000048913,0.0020310000982135,0.0020310000982135,288
DAYSTARTER USD,DST22408-USD,2023-07-05,0.002121000085026,0.0021899999119341,0.0015000000130385,0.0021200000774115,0.0021200000774115,340
DAYSTARTER USD,DST22408-USD,2023-07-06,0.0021100000012665,0.0021810000762343,0.0014799999771639,0.0019300000276416,0.0019300000276416,389
DAYSTARTER USD,DST22408-USD,2023-07-07,0.0019300000276416,0.0021710000000894,0.001899000024423,0.0021699999924749,0.0021699999924749,263
DAYSTARTER USD,DST22408-USD,2023-07-08,0.0021699999924749,0.0022309999912977,0.0015000000130385,0.0022209999151527,0.0022209999151527,315
DAYSTARTER USD,DST22408-USD,2023-07-09,0.0022110000718384,0.0022219999227672,0.0019199999514967,0.002030000090599,0.002030000090599,283
DAYSTARTER USD,DST22408-USD,2023-07-10,0.0020610000938177,0.0022229999303817,0.0019099999917671,0.002210000064224,0.002210000064224,291
DAYSTARTER USD,DST22408-USD,2023-07-11,0.002210000064224,0.0022219999227672,0.0022090000566095,0.0022199999075382,0.0022199999075382,287
DAYSTARTER USD,DST22408-USD,2023-07-12,0.0022199999075382,0.0022209999151527,0.0016700000269338,0.0018299999646842,0.0018299999646842,304
DAYSTARTER USD,DST22408-USD,2023-07-13,0.0018299999646842,0.0021100000012665,0.0015709999715909,0.0016220000106841,0.0016220000106841,233
DAYSTARTER USD,DST22408-USD,2023-07-14,0.0015820000553503,0.0020510000176727,0.0015709999715909,0.0018309999722987,0.0018309999722987,234
DAYSTARTER USD,DST22408-USD,2023-07-15,0.0019209999591112,0.0020810000132769,0.0016710000345483,0.0019910000264644,0.0019910000264644,244
DAYSTARTER USD,DST22408-USD,2023-07-16,0.0019910000264644,0.0020510000176727,0.0016809999942779,0.0018210000125691,0.0018210000125691,243
DAYSTARTER USD,DST22408-USD,2023-07-17,0.0019409999949857,0.0020900000818073,0.0015000000130385,0.0020310000982135,0.0020310000982135,264
DAYSTARTER USD,DST22408-USD,2023-07-18,0.0020200000144541,0.002111000008881,0.0014900000533089,0.0015899999998509,0.0015899999998509,244
DAYSTARTER USD,DST22408-USD,2023-07-19,0.0015800000401213,0.0020409999415278,0.001520000048913,0.0015399999683722,0.0015399999683722,204
DAYSTARTER USD,DST22408-USD,2023-07-20,0.0015300000086426,0.0015409999759867,0.0015190000412985,0.0015300000086426,0.0015300000086426,199
DAYSTARTER USD,DST22408-USD,2023-07-21,0.001520000048913,0.0018400000408291,0.001520000048913,0.0015699999639764,0.0015699999639764,202
DAYSTARTER USD,DST22408-USD,2023-07-22,0.0015800000401213,0.0019109999993816,0.0015500000445172,0.0017500000540167,0.0017500000540167,212
DAYSTARTER USD,DST22408-USD,2023-07-23,0.0017099999822676,0.0018700000364333,0.0015800000401213,0.001689999946393,0.001689999946393,218
DAYSTARTER USD,DST22408-USD,2023-07-24,0.0016199999954551,0.0020200000144541,0.0014799999771639,0.0016599999507889,0.0016599999507889,316
DAYSTARTER USD,DST22408-USD,2023-07-25,0.0016199999954551,0.0020699999295175,0.0014199999859556,0.0014799999771639,0.0014799999771639,359
DAYSTARTER USD,DST22408-USD,2023-07-26,0.0014799999771639,0.0019700000993907,0.0014789999695494,0.0017199999419972,0.0017199999419972,127
DAYSTARTER USD,DST22408-USD,2023-07-27,0.0016499999910593,0.001979999942705,0.0015999999595806,0.001689999946393,0.001689999946393,229
DAYSTARTER USD,DST22408-USD,2023-07-28,0.0016799999866634,0.0020190000068396,0.0015999999595806,0.0019809999503195,0.0019809999503195,239
DAYSTARTER USD,DST22408-USD,2023-07-29,0.0019809999503195,0.0019900000188499,0.0016400000313296,0.0018500000005587,0.0018500000005587,234
DAYSTARTER USD,DST22408-USD,2023-07-30,0.001810000045225,0.0019700000993907,0.0015999999595806,0.0016700000269338,0.0016700000269338,227
DAYSTARTER USD,DST22408-USD,2023-07-31,0.0016799999866634,0.0019199999514967,0.0015899999998509,0.0016199999954551,0.0016199999954551,224
DAYSTARTER USD,DST22408-USD,2023-08-01,0.0017900000093504,0.0019300000276416,0.0015889999922364,0.0017800000496208,0.0017800000496208,223
DAYSTARTER USD,DST22408-USD,2023-08-02,0.0017399999778717,0.0019199999514967,0.0015889999922364,0.0017790000420063,0.0017790000420063,223
DAYSTARTER USD,DST22408-USD,2023-08-03,0.0016890000551939,0.001918000052683,0.001587999984622,0.0018489999929443,0.0018489999929443,224
DAYSTARTER USD,DST22408-USD,2023-08-04,0.0018390000332146,0.0019189999438822,0.0015780000248923,0.0016479999758303,0.0016479999758303,226
DAYSTARTER USD,DST22408-USD,2023-08-05,0.0016479999758303,0.001918000052683,0.0015780000248923,0.0016880000475794,0.0016880000475794,223
DAYSTARTER USD,DST22408-USD,2023-08-06,0.0017079999670386,0.001918000052683,0.0015780000248923,0.0018269999418407,0.0018269999418407,222
DAYSTARTER USD,DST22408-USD,2023-08-07,0.0018269999418407,0.0019170000450685,0.0015670000575482,0.0017079999670386,0.0017079999670386,223
DAYSTARTER USD,DST22408-USD,2023-08-08,0.0017480000387877,0.001918000052683,0.0015780000248923,0.0015790000325068,0.0015790000325068,223
DAYSTARTER USD,DST22408-USD,2023-08-09,0.0017790000420063,0.0019099999917671,0.0015790000325068,0.0017290000105276,0.0017290000105276,223
DAYSTARTER USD,DST22408-USD,2023-08-10,0.0017089999746531,0.001918000052683,0.0015790000325068,0.001698000007309,0.001698000007309,229
DAYSTARTER USD,DST22408-USD,2023-08-11,0.0019079999765381,0.0019270000047981,0.0016680000117048,0.0017379999626427,0.0017379999626427,238
DAYSTARTER USD,DST22408-USD,2023-08-12,0.0017280000029131,0.0017399999778717,0.0017280000029131,0.0017389999702572,0.0017389999702572,225
DAYSTARTER USD,DST22408-USD,2023-08-13,0.0017290000105276,0.0019290000200271,0.001609000028111,0.001719000050798,0.001719000050798,236
DAYSTARTER USD,DST22408-USD,2023-08-14,0.001719000050798,0.001918000052683,0.0015979999443516,0.0018390000332146,0.0018390000332146,225
DAYSTARTER USD,DST22408-USD,2023-08-15,0.0018189999973401,0.0019389999797567,0.001587999984622,0.0017979999538511,0.0017979999538511,229
DAYSTARTER USD,DST22408-USD,2023-08-16,0.0018880000570788,0.001918000052683,0.0015979999443516,0.0016380000161007,0.0016380000161007,223
DAYSTARTER USD,DST22408-USD,2023-08-17,0.0017579999985173,0.0018189999973401,0.001587999984622,0.0017199999419972,0.0017199999419972,223
DAYSTARTER USD,DST22408-USD,2023-08-18,0.0017099999822676,0.00179999996908,0.0015889999922364,0.0017900000093504,0.0017900000093504,218
DAYSTARTER USD,DST22408-USD,2023-08-19,0.0017399999778717,0.001810000045225,0.0015800000401213,0.0017699999734759,0.0017699999734759,225
DAYSTARTER USD,DST22408-USD,2023-08-20,0.0017500000540167,0.001810000045225,0.0015500000445172,0.0017099999822676,0.0017099999822676,219
DAYSTARTER USD,DST22408-USD,2023-08-21,0.0017099999822676,0.0018289999570697,0.0015689999563619,0.0016599999507889,0.0016599999507889,223
DAYSTARTER USD,DST22408-USD,2023-08-22,0.001689999946393,0.0018299999646842,0.0015989999519661,0.0016789999790489,0.0016789999790489,223
DAYSTARTER USD,DST22408-USD,2023-08-23,0.0017790000420063,0.0018200000049546,0.0016189999878406,0.001689999946393,0.001689999946393,223
DAYSTARTER USD,DST22408-USD,2023-08-24,0.001689999946393,0.0018200000049546,0.0015999999595806,0.0016789999790489,0.0016789999790489,223
DAYSTARTER USD,DST22408-USD,2023-08-25,0.0017089999746531,0.0018200000049546,0.0014789999695494,0.0017590000061318,0.0017590000061318,222
DAYSTARTER USD,DST22408-USD,2023-08-26,0.0018189999973401,0.0018200000049546,0.0015989999519661,0.0016489999834448,0.0016489999834448,222
DAYSTARTER USD,DST22408-USD,2023-08-27,0.001719000050798,0.0018200000049546,0.0015889999922364,0.0016690000193193,0.0016690000193193,222
DAYSTARTER USD,DST22408-USD,2023-08-28,0.0016990000149235,0.0018200000049546,0.0015889999922364,0.0016589999431744,0.0016589999431744,221
DAYSTARTER USD,DST22408-USD,2023-08-29,0.0016390000237151,0.0018309999722987,0.0015689999563619,0.0017500000540167,0.0017500000540167,219
DAYSTARTER USD,DST22408-USD,2023-08-30,0.0017199999419972,0.0018200000049546,0.0015899999998509,0.0017099999822676,0.0017099999822676,221
DAYSTARTER USD,DST22408-USD,2023-08-31,0.0016499999910593,0.00179999996908,0.0014799999771639,0.0016299999551847,0.0016299999551847,217
DAYSTARTER USD,DST22408-USD,2023-09-01,0.0016400000313296,0.0017099999822676,0.0011099999537691,0.0016799999866634,0.0016799999866634,693
DAYSTARTER USD,DST22408-USD,2023-09-02,0.0016499999910593,0.001700000022538,0.0015099999727681,0.0016299999551847,0.0016299999551847,230
DAYSTARTER USD,DST22408-USD,2023-09-03,0.0016799999866634,0.0017109999898821,0.0016199999954551,0.0016799999866634,0.0016799999866634,216
DAYSTARTER USD,DST22408-USD,2023-09-04,0.0016599999507889,0.001700000022538,0.0015889999922364,0.0016489999834448,0.0016489999834448,212
DAYSTARTER USD,DST22408-USD,2023-09-05,0.0015989999519661,0.0016599999507889,0.0015589999966323,0.0016289999475702,0.0016289999475702,211
DAYSTARTER USD,DST22408-USD,2023-09-06,0.0015999999595806,0.0021089999936521,0.0014789999695494,0.0020290000829845,0.0020290000829845,283
DAYSTARTER USD,DST22408-USD,2023-09-07,0.0017790000420063,0.002119000069797,0.0010489999549463,0.0014900000533089,0.0014900000533089,998
DAYSTARTER USD,DST22408-USD,2023-09-08,0.0014900000533089,0.0020890000741928,0.0014900000533089,0.0015899999998509,0.0015899999998509,201
DAYSTARTER USD,DST22408-USD,2023-09-09,0.0015899999998509,0.0015910000074654,0.0015889999922364,0.0015899999998509,0.0015899999998509,0
DAYSTARTER USD,DST22408-USD,2023-09-10,0.0015899999998509,0.0015910000074654,0.0015889999922364,0.0015889999922364,0.0015889999922364,0
DAYSTARTER USD,DST22408-USD,2023-09-11,0.0015889999922364,0.0015910000074654,0.0014870000304654,0.0014900000533089,0.0014900000533089,100
DAYSTARTER USD,DST22408-USD,2023-09-12,0.0014900000533089,0.0020600000862032,0.0014799999771639,0.0017699999734759,0.0017699999734759,401
DAYSTARTER USD,DST22408-USD,2023-09-13,0.001689999946393,0.0020600000862032,0.0015999999595806,0.0019109999993816,0.0019109999993816,93
DAYSTARTER USD,DST22408-USD,2023-09-14,0.0019105985993519,0.0019114159513264,0.0019096732139587,0.0019106906838715,0.0019106906838715,0
DAYSTARTER USD,DST22408-USD,2023-09-15,0.0019104470266029,0.0019109435379505,0.0019100089557468,0.0019106330582872,0.0019106330582872,0
DAYSTARTER USD,DST22408-USD,2023-09-16,0.0019109999993816,0.001912000006996,0.0019099999917671,0.0019109999993816,0.0019109999993816,0
DAYSTARTER USD,DST22408-USD,2023-09-17,0.0019109999993816,0.001912000006996,0.0019099999917671,0.0019109999993816,0.0019109999993816,0
DAYSTARTER USD,DST22408-USD,2023-09-19,0.0016003620112314,0.0016015075379982,0.0015998871531337,0.0016005545621737,0.0016005545621737,0
DAYSTARTER USD,DST22408-USD,2023-09-18,0.0019109999993816,0.0019109999993816,0.0014600000577047,0.0015999999595806,0.0015999999595806,77
DAYSTARTER USD,DST22408-USD,2023-09-22,0.0014802810037508,0.0014805616810917,0.0014796479372307,0.0014801195356994,0.0014801195356994,13
DAYSTARTER USD,DST22408-USD,2023-09-24,0.001470263232477,0.0014703824417665,0.0014700897736474,0.0014701742911711,0.0014701742911711,97
DAYSTARTER USD,DST22408-USD,2023-09-20,0.001600999967195,0.001600999967195,0.0014799999771639,0.0014799999771639,0.0014799999771639,13
DAYSTARTER USD,DST22408-USD,2023-09-21,0.0014799999771639,0.0014809999847784,0.0014789999695494,0.0014799999771639,0.0014799999771639,0
DAYSTARTER USD,DST22408-USD,2023-09-23,0.0014400000218302,0.0014700000174343,0.0014400000218302,0.0014700000174343,0.0014700000174343,0
DAYSTARTER USD,DST22408-USD,2023-09-25,0.0014700446045026,0.0014704815112054,0.0014694288838654,0.0014698578743264,0.0014698578743264,97
DAYSTARTER USD,DST22408-USD,2023-09-26,0.0014696139842271,0.0014701531035825,0.0014691917458549,0.0014694973360747,0.0014694973360747,97
DAYSTARTER USD,DST22408-USD,2023-09-27,0.0014694075798615,0.0014698297018185,0.0014685930218547,0.0014694561250507,0.0014694561250507,97
DAYSTARTER USD,DST22408-USD,2023-09-28,0.0014691688120365,0.0014713192358613,0.0014687201473861,0.0014701331965625,0.0014701331965625,97
DAYSTARTER USD,DST22408-USD,2023-09-29,0.0014701269101351,0.0014803285012021,0.0014685282949358,0.0014801321085542,0.0014801321085542,9
DAYSTARTER USD,DST22408-USD,2023-09-30,0.0014802666846662,0.0014810615684837,0.0014798772754147,0.0014805175596848,0.0014805175596848,6
DAYSTARTER USD,DST22408-USD,2023-10-01,0.0014803826343268,0.0014833622844889,0.0014796023024246,0.0014796023024246,0.0014796023024246,0
DAYSTARTER USD,DST22408-USD,2023-10-02,0.0014800375793129,0.0014813115121796,0.0014792351284995,0.0014803875237703,0.0014803875237703,0
DAYSTARTER USD,DST22408-USD,2023-10-03,0.0014804371166974,0.0014805056853219,0.001479746075347,0.0014800934586673,0.0014800934586673,0
DAYSTARTER USD,DST22408-USD,2023-10-04,0.0014799999771639,0.0014809999847784,0.0014789999695494,0.0014809999847784,0.0014809999847784,0
DAYSTARTER USD,DST22408-USD,2023-10-05,0.0014806606341153,0.0014806606341153,0.0014799116179347,0.0014804318780079,0.0014804318780079,0
DAYSTARTER USD,DST22408-USD,2023-10-06,0.001479992060922,0.001480417093262,0.0014491458423435,0.0014507215237244,0.0014507215237244,74
DAYSTARTER USD,DST22408-USD,2023-10-07,0.0014507321175187,0.0014516381779685,0.001450547366403,0.001450695679523,0.001450695679523,74
DAYSTARTER USD,DST22408-USD,2023-10-08,0.0014508161693811,0.0014511704212054,0.0014503446873277,0.0014508113963529,0.0014508113963529,74
DAYSTARTER USD,DST22408-USD,2023-10-09,0.0014508961467072368,0.0014508961467072368,0.0014495120849460363,0.0014503285055980086,0.0014503285055980086,74
