Name,Symbol,Date,Open,High,Low,Close,Adj Close,Volume
Fancy Games USD,FNC-USD,2021-12-17,0.3448570072650909,0.4302169978618622,0.2799539864063263,0.2834900021553039,0.2834900021553039,2802274
Fancy Games USD,FNC-USD,2021-12-18,0.2835280001163482,0.3423340022563934,0.2721920013427734,0.2988829910755157,0.2988829910755157,1418943
Fancy Games USD,FNC-USD,2021-12-19,0.2988770008087158,0.512257993221283,0.2952019870281219,0.5120480060577393,0.5120480060577393,3092740
Fancy Games USD,FNC-USD,2021-12-20,0.5119869709014893,0.6079379916191101,0.4599280059337616,0.4988459944725036,0.4988459944725036,3367100
Fancy Games USD,FNC-USD,2021-12-21,0.4987489879131317,0.8222669959068298,0.4866699874401092,0.7148100137710571,0.7148100137710571,7524367
Fancy Games USD,FNC-USD,2021-12-22,0.7144629955291748,0.7425640225410461,0.6480550169944763,0.6481480002403259,0.6481480002403259,3107398
Fancy Games USD,FNC-USD,2021-12-23,0.6481860280036926,0.7397969961166382,0.5708649754524231,0.7397969961166382,0.7397969961166382,3197845
Fancy Games USD,FNC-USD,2021-12-24,0.739637017250061,0.7424280047416687,0.645097017288208,0.6589589715003967,0.6589589715003967,2204686
Fancy Games USD,FNC-USD,2021-12-25,0.6592829823493958,0.8519930243492126,0.6582159996032715,0.8518379926681519,0.8518379926681519,3489108
Fancy Games USD,FNC-USD,2021-12-26,0.849668025970459,0.9662389755249025,0.822467029094696,0.8875730037689209,0.8875730037689209,6800364
Fancy Games USD,FNC-USD,2021-12-27,0.8876339793205261,1.107241988182068,0.786325991153717,0.786325991153717,0.786325991153717,9443586
Fancy Games USD,FNC-USD,2021-12-28,0.7863969802856445,0.8365190029144287,0.6831619739532471,0.7120720148086548,0.7120720148086548,4170704
Fancy Games USD,FNC-USD,2021-12-29,0.7119989991188049,0.7245510220527649,0.6532490253448486,0.674465000629425,0.674465000629425,2177346
Fancy Games USD,FNC-USD,2021-12-30,0.6741780042648315,0.7301920056343079,0.6595240235328674,0.6936370134353638,0.6936370134353638,2665495
Fancy Games USD,FNC-USD,2021-12-31,0.6937329769134521,0.7158539891242981,0.6506919860839844,0.6759859919548035,0.6759859919548035,3194146
Fancy Games USD,FNC-USD,2022-01-01,0.6760010123252869,0.6970270276069641,0.6760010123252869,0.6947969794273376,0.6947969794273376,2453095
Fancy Games USD,FNC-USD,2022-01-02,0.6947950124740601,0.7921119928359985,0.6932910084724426,0.7570260167121887,0.7570260167121887,3076112
Fancy Games USD,FNC-USD,2022-01-03,0.7570229768753052,0.7585279941558838,0.6801739931106567,0.7263309955596924,0.7263309955596924,3249706
Fancy Games USD,FNC-USD,2022-01-04,0.7263299822807312,0.8559039831161499,0.7231720089912415,0.8476679921150208,0.8476679921150208,4381076
Fancy Games USD,FNC-USD,2022-01-05,0.8476679921150208,0.8477839827537537,0.6957939863204956,0.7170370221138,0.7170370221138,3438460
Fancy Games USD,FNC-USD,2022-01-06,0.7170379757881165,0.7170379757881165,0.6542369723320007,0.6591219902038574,0.6591219902038574,3177226
Fancy Games USD,FNC-USD,2022-01-07,0.6591299772262573,0.6595069766044617,0.4591859877109527,0.512224018573761,0.512224018573761,5609953
Fancy Games USD,FNC-USD,2022-01-08,0.512224018573761,0.5747759938240051,0.479431003332138,0.4930739998817444,0.4930739998817444,2277702
Fancy Games USD,FNC-USD,2022-01-09,0.4930739998817444,0.5232250094413757,0.4891659915447235,0.5071340203285217,0.5071340203285217,1466527
Fancy Games USD,FNC-USD,2022-01-10,0.5071340203285217,0.5071340203285217,0.4209370017051697,0.4444969892501831,0.4444969892501831,1683718
Fancy Games USD,FNC-USD,2022-01-11,0.4444969892501831,0.4687730073928833,0.4342049956321716,0.466499000787735,0.466499000787735,1510635
Fancy Games USD,FNC-USD,2022-01-12,0.466499000787735,0.5238609910011292,0.4662150144577026,0.5179370045661926,0.5179370045661926,1890387
Fancy Games USD,FNC-USD,2022-01-13,0.5179370045661926,0.5232380032539368,0.4698069989681244,0.4715870022773742,0.4715870022773742,1823270
Fancy Games USD,FNC-USD,2022-01-14,0.4715900123119354,0.4930869936943054,0.4597710072994232,0.480991005897522,0.480991005897522,1881593
Fancy Games USD,FNC-USD,2022-01-15,0.4809960126876831,0.4832629859447479,0.4413389861583709,0.4573259949684143,0.4573259949684143,1910437
Fancy Games USD,FNC-USD,2022-01-16,0.4573389887809753,0.4573389887809753,0.4437099993228912,0.4547420144081116,0.4547420144081116,1331922
Fancy Games USD,FNC-USD,2022-01-17,0.4547480046749115,0.4551399946212768,0.415704995393753,0.4236850142478943,0.4236850142478943,1355028
Fancy Games USD,FNC-USD,2022-01-18,0.4236800074577331,0.4277830123901367,0.386489987373352,0.3913660049438476,0.3913660049438476,984240
Fancy Games USD,FNC-USD,2022-01-19,0.3913649916648865,0.3916380107402801,0.3681400120258331,0.3688389956951141,0.3688389956951141,729613
Fancy Games USD,FNC-USD,2022-01-20,0.3688369989395141,0.4611929953098297,0.3684549927711487,0.4269570112228393,0.4269570112228393,1232852
Fancy Games USD,FNC-USD,2022-01-21,0.4269390106201172,0.4276910126209259,0.3314400017261505,0.3398540019989013,0.3398540019989013,890238
Fancy Games USD,FNC-USD,2022-01-22,0.3398549854755401,0.3463479876518249,0.2677069902420044,0.2836399972438812,0.2836399972438812,1021528
Fancy Games USD,FNC-USD,2022-01-23,0.2836399972438812,0.3015879988670349,0.2836399972438812,0.3015849888324737,0.3015849888324737,581558
Fancy Games USD,FNC-USD,2022-01-24,0.3015860021114349,0.3090510070323944,0.2504810094833374,0.2749580144882202,0.2749580144882202,762740
Fancy Games USD,FNC-USD,2022-01-25,0.2749580144882202,0.2952609956264496,0.2708359956741333,0.2930650115013122,0.2930650115013122,1060978
Fancy Games USD,FNC-USD,2022-01-26,0.2930639982223511,0.3379609882831573,0.2840720117092132,0.3019349873065948,0.3019349873065948,1036271
Fancy Games USD,FNC-USD,2022-01-27,0.3019349873065948,0.3141599893569946,0.2580260038375854,0.2659609913825989,0.2659609913825989,1223676
Fancy Games USD,FNC-USD,2022-01-28,0.26596200466156,0.2824530005455017,0.2609440088272095,0.2820909917354584,0.2820909917354584,1551416
Fancy Games USD,FNC-USD,2022-01-29,0.2820970118045807,0.2930330038070678,0.2820490002632141,0.2917239964008331,0.2917239964008331,578984
Fancy Games USD,FNC-USD,2022-01-30,0.2917389869689941,0.3125630021095276,0.2703990042209625,0.2759059965610504,0.2759059965610504,784431
Fancy Games USD,FNC-USD,2022-01-31,0.2759059965610504,0.3302870094776153,0.2641870081424713,0.3293200135231018,0.3293200135231018,1056114
Fancy Games USD,FNC-USD,2022-02-01,0.3293220102787018,0.3747450113296509,0.3291159868240356,0.3719440102577209,0.3719440102577209,1100729
Fancy Games USD,FNC-USD,2022-02-02,0.3719440102577209,0.380961000919342,0.3510529994964599,0.3534139990806579,0.3534139990806579,983375
Fancy Games USD,FNC-USD,2022-02-03,0.3534139990806579,0.360846996307373,0.3506950139999389,0.3606820106506347,0.3606820106506347,779830
Fancy Games USD,FNC-USD,2022-02-04,0.3606750071048736,0.5336670279502869,0.3606750071048736,0.5336670279502869,0.5336670279502869,2265160
Fancy Games USD,FNC-USD,2022-02-05,0.5336750149726868,0.669579029083252,0.5336750149726868,0.6677169799804688,0.6677169799804688,2781785
Fancy Games USD,FNC-USD,2022-02-06,0.6677200198173523,0.6718019843101501,0.6428869962692261,0.665710985660553,0.665710985660553,1423767
Fancy Games USD,FNC-USD,2022-02-07,0.6657130122184753,0.7208250164985657,0.6575739979743958,0.694674015045166,0.694674015045166,1594097
Fancy Games USD,FNC-USD,2022-02-08,0.694674015045166,0.7147089838981628,0.5116159915924072,0.6751819849014282,0.6751819849014282,5493082
Fancy Games USD,FNC-USD,2022-02-09,0.6751790046691895,0.9507930278778076,0.6529030203819275,0.762569010257721,0.762569010257721,6311412
Fancy Games USD,FNC-USD,2022-02-10,0.762569010257721,0.8145229816436768,0.6399359703063965,0.6399750113487244,0.6399750113487244,3536295
Fancy Games USD,FNC-USD,2022-02-11,0.6399639844894409,0.7427189946174622,0.5384849905967712,0.5778779983520508,0.5778779983520508,6110752
Fancy Games USD,FNC-USD,2022-02-12,0.5778759717941284,0.583853006362915,0.4913730025291443,0.5255730152130127,0.5255730152130127,3227440
Fancy Games USD,FNC-USD,2022-02-13,0.5256720185279846,0.5297679901123047,0.4749200046062469,0.4756929874420166,0.4756929874420166,1260574
Fancy Games USD,FNC-USD,2022-02-14,0.4756909906864166,0.5642250180244446,0.4680100083351135,0.5210809707641602,0.5210809707641602,2254372
Fancy Games USD,FNC-USD,2022-02-15,0.5210800170898438,0.7508119940757751,0.520563006401062,0.750648021697998,0.750648021697998,4753946
Fancy Games USD,FNC-USD,2022-02-16,0.7506200075149536,0.7506200075149536,0.6852710247039795,0.7042980194091797,0.7042980194091797,1965731
Fancy Games USD,FNC-USD,2022-02-17,0.7042829990386963,0.7063720226287842,0.538457989692688,0.5398619771003723,0.5398619771003723,2926808
Fancy Games USD,FNC-USD,2022-02-18,0.5398589968681335,0.5523930191993713,0.5164440274238586,0.5189020037651062,0.5189020037651062,1284974
Fancy Games USD,FNC-USD,2022-02-19,0.5188990235328674,0.5308150053024292,0.502655029296875,0.5034909844398499,0.5034909844398499,945203
Fancy Games USD,FNC-USD,2022-02-20,0.5034940242767334,0.5037569999694824,0.473347008228302,0.4770259857177734,0.4770259857177734,782762
Fancy Games USD,FNC-USD,2022-02-21,0.4770210087299347,0.4858329892158508,0.4330999851226806,0.4526579976081848,0.4526579976081848,1817851
Fancy Games USD,FNC-USD,2022-02-22,0.4526549875736236,0.4564830064773559,0.4002180099487304,0.4179019927978515,0.4179019927978515,1076248
Fancy Games USD,FNC-USD,2022-02-23,0.4178979992866516,0.4247770011425018,0.4012779891490936,0.4012779891490936,0.4012779891490936,823311
Fancy Games USD,FNC-USD,2022-02-24,0.401295006275177,0.4017530083656311,0.3040409982204437,0.3715899884700775,0.3715899884700775,2056019
Fancy Games USD,FNC-USD,2022-02-25,0.3715899884700775,0.420875996351242,0.3711679875850677,0.4100790023803711,0.4100790023803711,1031038
Fancy Games USD,FNC-USD,2022-02-26,0.410082995891571,0.4265379905700683,0.408174991607666,0.414683997631073,0.414683997631073,993460
Fancy Games USD,FNC-USD,2022-02-27,0.414682000875473,0.4149470031261444,0.3831019997596741,0.3841190040111542,0.3841190040111542,654018
Fancy Games USD,FNC-USD,2022-02-28,0.3841229975223541,0.4427439868450165,0.3685730099678039,0.4393059909343719,0.4393059909343719,1437713
Fancy Games USD,FNC-USD,2022-03-01,0.4393059909343719,0.4711849987506866,0.4393059909343719,0.4583060145378113,0.4583060145378113,1434902
Fancy Games USD,FNC-USD,2022-03-02,0.4583069980144501,0.4689770042896271,0.4404500126838684,0.4444440007209778,0.4444440007209778,923712
Fancy Games USD,FNC-USD,2022-03-03,0.4444450139999389,0.4645189940929413,0.4367580115795135,0.4478560090065002,0.4478560090065002,1209751
Fancy Games USD,FNC-USD,2022-03-04,0.447854995727539,0.447854995727539,0.3461630046367645,0.3510560095310211,0.3510560095310211,1616883
Fancy Games USD,FNC-USD,2022-03-05,0.351065993309021,0.351962000131607,0.3195089995861053,0.3203009963035583,0.3203009963035583,1148230
Fancy Games USD,FNC-USD,2022-03-06,0.3203000128269195,0.3209330141544342,0.2497009932994842,0.2497989982366562,0.2497989982366562,1430056
Fancy Games USD,FNC-USD,2022-03-07,0.2497989982366562,0.2497989982366562,0.2050150036811828,0.2051640003919601,0.2051640003919601,956885
Fancy Games USD,FNC-USD,2022-03-08,0.2051630020141601,0.2143169939517974,0.2020779997110366,0.2078499943017959,0.2078499943017959,525101
Fancy Games USD,FNC-USD,2022-03-09,0.2078379988670349,0.2248090058565139,0.2076490074396133,0.2150550037622451,0.2150550037622451,531357
Fancy Games USD,FNC-USD,2022-03-10,0.2150540053844452,0.2150889933109283,0.1986819952726364,0.2001290023326873,0.2001290023326873,423514
Fancy Games USD,FNC-USD,2022-03-11,0.2001309990882873,0.2052720040082931,0.1937520056962967,0.1983969956636428,0.1983969956636428,257320
Fancy Games USD,FNC-USD,2022-03-12,0.198399007320404,0.1993770003318786,0.1927960067987442,0.1927960067987442,0.1927960067987442,341882
Fancy Games USD,FNC-USD,2022-03-13,0.192793995141983,0.1932850033044815,0.1883890032768249,0.188400000333786,0.188400000333786,264832
Fancy Games USD,FNC-USD,2022-03-14,0.188398003578186,0.1922439932823181,0.1711129993200302,0.173346996307373,0.173346996307373,492733
Fancy Games USD,FNC-USD,2022-03-15,0.173346996307373,0.1734780073165893,0.1438059955835342,0.1498070061206817,0.1498070061206817,554739
Fancy Games USD,FNC-USD,2022-03-16,0.1498080044984817,0.1556060016155243,0.149409994482994,0.1555179953575134,0.1555179953575134,247161
Fancy Games USD,FNC-USD,2022-03-17,0.1555159986019134,0.2003999948501587,0.1554780006408691,0.1675850003957748,0.1675850003957748,314444
Fancy Games USD,FNC-USD,2022-03-18,0.1675820052623748,0.2191430032253265,0.16422900557518,0.1801420003175735,0.1801420003175735,444493
Fancy Games USD,FNC-USD,2022-03-19,0.1801420003175735,0.1835779994726181,0.1765269935131073,0.183348998427391,0.183348998427391,350441
Fancy Games USD,FNC-USD,2022-03-20,0.183348998427391,0.1846020072698593,0.1734219938516616,0.1749089956283569,0.1749089956283569,309266
Fancy Games USD,FNC-USD,2022-03-21,0.1749079972505569,0.1786630004644394,0.1738409996032714,0.1761330068111419,0.1761330068111419,289610
Fancy Games USD,FNC-USD,2022-03-22,0.1761330068111419,0.1882580071687698,0.1757909953594207,0.1806290000677108,0.1806290000677108,308399
Fancy Games USD,FNC-USD,2022-03-23,0.1806299984455108,0.182327002286911,0.1769849956035614,0.1802960038185119,0.1802960038185119,293508
Fancy Games USD,FNC-USD,2022-03-24,0.1803019940853119,0.1875440031290054,0.1802950054407119,0.1874459981918335,0.1874459981918335,345404
Fancy Games USD,FNC-USD,2022-03-25,0.1874459981918335,0.1908389925956726,0.1872619986534118,0.1886859983205795,0.1886859983205795,331706
Fancy Games USD,FNC-USD,2022-03-26,0.1886879950761795,0.1907040029764175,0.1886070072650909,0.1906230002641677,0.1906230002641677,305946
Fancy Games USD,FNC-USD,2022-03-27,0.1906230002641677,0.201104000210762,0.1899359971284866,0.2010889947414398,0.2010889947414398,291321
Fancy Games USD,FNC-USD,2022-03-28,0.2010879963636398,0.2105969935655594,0.2010879963636398,0.207856997847557,0.207856997847557,348001
Fancy Games USD,FNC-USD,2022-03-29,0.207855999469757,0.2190279960632324,0.207174003124237,0.212459996342659,0.212459996342659,390382
Fancy Games USD,FNC-USD,2022-03-30,0.212457999587059,0.2125259935855865,0.2063439935445785,0.2093420028686523,0.2093420028686523,333317
Fancy Games USD,FNC-USD,2022-03-31,0.2093420028686523,0.2099049985408783,0.1945179998874664,0.1950639933347702,0.1950639933347702,366991
Fancy Games USD,FNC-USD,2022-04-01,0.1950670033693313,0.2008000016212463,0.1892150044441223,0.1990420073270797,0.1990420073270797,302258
Fancy Games USD,FNC-USD,2022-04-02,0.1990430057048797,0.2128349989652633,0.1990319937467575,0.2100380063056945,0.2100380063056945,476358
Fancy Games USD,FNC-USD,2022-04-03,0.2100380063056945,0.2163800001144409,0.2085160017013549,0.2136690020561218,0.2136690020561218,334229
Fancy Games USD,FNC-USD,2022-04-04,0.2136700004339218,0.2136770039796829,0.2016550004482269,0.2084819972515106,0.2084819972515106,571565
Fancy Games USD,FNC-USD,2022-04-05,0.2084819972515106,0.2237669974565506,0.2020390033721923,0.2215020060539245,0.2215020060539245,617479
Fancy Games USD,FNC-USD,2022-04-06,0.2214729934930801,0.2214729934930801,0.1957879960536956,0.1957879960536956,0.1957879960536956,436968
Fancy Games USD,FNC-USD,2022-04-07,0.1957879960536956,0.200200006365776,0.1941570043563842,0.1962009966373443,0.1962009966373443,362664
Fancy Games USD,FNC-USD,2022-04-08,0.1962009966373443,0.1977850049734115,0.1843200027942657,0.1845290064811706,0.1845290064811706,356945
Fancy Games USD,FNC-USD,2022-04-09,0.1845300048589706,0.1862969994544983,0.1833530068397522,0.1852030009031295,0.1852030009031295,287391
Fancy Games USD,FNC-USD,2022-04-10,0.1852000057697296,0.186257004737854,0.181318998336792,0.1814599931240081,0.1814599931240081,237786
Fancy Games USD,FNC-USD,2022-04-11,0.1814610064029693,0.1814610064029693,0.1692720055580139,0.1704459935426712,0.1704459935426712,280102
Fancy Games USD,FNC-USD,2022-04-12,0.1704470068216323,0.1755120009183883,0.1687709987163543,0.1717450022697448,0.1717450022697448,230181
Fancy Games USD,FNC-USD,2022-04-13,0.1717460006475448,0.1770260035991668,0.170303001999855,0.1767099946737289,0.1767099946737289,236226
Fancy Games USD,FNC-USD,2022-04-14,0.1767099946737289,0.1776870042085647,0.168405994772911,0.1771039962768554,0.1771039962768554,339315
Fancy Games USD,FNC-USD,2022-04-15,0.1771029978990554,0.1782359927892685,0.1738750040531158,0.1739729940891266,0.1739729940891266,310674
Fancy Games USD,FNC-USD,2022-04-16,0.1739729940891266,0.1740200072526931,0.1701460033655166,0.1720020025968551,0.1720020025968551,270386
Fancy Games USD,FNC-USD,2022-04-17,0.1720010042190551,0.1720229983329773,0.1602459996938705,0.1602810025215149,0.1602810025215149,346051
Fancy Games USD,FNC-USD,2022-04-18,0.1602820008993148,0.1691090017557144,0.1535360068082809,0.1690820008516311,0.1690820008516311,400028
Fancy Games USD,FNC-USD,2022-04-19,0.1690829992294311,0.1704010069370269,0.1651560068130493,0.1693940013647079,0.1693940013647079,319614
Fancy Games USD,FNC-USD,2022-04-20,0.1693949997425079,0.1751849949359893,0.1680629998445511,0.1701059937477111,0.1701059937477111,310602
Fancy Games USD,FNC-USD,2022-04-21,0.1701059937477111,0.1805520057678222,0.1629109978675842,0.1642369925975799,0.1642369925975799,460405
Fancy Games USD,FNC-USD,2022-04-22,0.1642369925975799,0.1658329963684082,0.1589169949293136,0.1604689955711364,0.1604689955711364,285432
Fancy Games USD,FNC-USD,2022-04-23,0.1604669988155365,0.1618330031633377,0.1578769981861114,0.158050000667572,0.158050000667572,227599
Fancy Games USD,FNC-USD,2022-04-24,0.158049002289772,0.1593620032072067,0.1571349948644638,0.1574019938707351,0.1574019938707351,209875
Fancy Games USD,FNC-USD,2022-04-25,0.1574019938707351,0.161992996931076,0.1511760056018829,0.1618160009384155,0.1618160009384155,212764
Fancy Games USD,FNC-USD,2022-04-26,0.1618140041828155,0.1626159995794296,0.1483110040426254,0.1494320034980774,0.1494320034980774,241170
Fancy Games USD,FNC-USD,2022-04-27,0.1494300067424774,0.1552200019359588,0.1494300067424774,0.1515199989080429,0.1515199989080429,220395
Fancy Games USD,FNC-USD,2022-04-28,0.1515199989080429,0.1600420027971267,0.149859994649887,0.1583999991416931,0.1583999991416931,307705
Fancy Games USD,FNC-USD,2022-04-29,0.1584019958972931,0.1585080027580261,0.1498589962720871,0.1513900011777877,0.1513900011777877,254560
Fancy Games USD,FNC-USD,2022-04-30,0.1513859927654266,0.1524049937725067,0.1412169933319091,0.14130300283432,0.14130300283432,338493
Fancy Games USD,FNC-USD,2022-05-01,0.14130400121212,0.1463599950075149,0.1404300034046173,0.1428090035915374,0.1428090035915374,257580
Fancy Games USD,FNC-USD,2022-05-02,0.1428080052137375,0.1433510035276413,0.1326770037412643,0.134550005197525,0.134550005197525,362815
Fancy Games USD,FNC-USD,2022-05-03,0.134550005197525,0.134551003575325,0.1300179958343505,0.1302060037851333,0.1302060037851333,218410
Fancy Games USD,FNC-USD,2022-05-04,0.1302029937505722,0.1339010000228881,0.1260029971599578,0.1308169960975647,0.1308169960975647,252508
Fancy Games USD,FNC-USD,2022-05-05,0.1308169960975647,0.1313910037279129,0.1207609996199607,0.1225849986076355,0.1225849986076355,175792
Fancy Games USD,FNC-USD,2022-05-06,0.1225849986076355,0.1229090020060539,0.1181309968233108,0.1190410032868385,0.1190410032868385,218924
Fancy Games USD,FNC-USD,2022-05-07,0.1190399974584579,0.1192120015621185,0.1116809993982315,0.112926997244358,0.112926997244358,201280
Fancy Games USD,FNC-USD,2022-05-08,0.112926997244358,0.112926997244358,0.1055179983377456,0.1065369993448257,0.1065369993448257,158668
Fancy Games USD,FNC-USD,2022-05-09,0.1065379977226257,0.1070299968123436,0.0946820005774498,0.0955189988017082,0.0955189988017082,140803
Fancy Games USD,FNC-USD,2022-05-10,0.0955229997634887,0.1025659963488578,0.0930899977684021,0.0960759967565536,0.0960759967565536,161664
Fancy Games USD,FNC-USD,2022-05-11,0.0960749983787536,0.1002880036830902,0.0828860029578208,0.0851100012660026,0.0851100012660026,117077
Fancy Games USD,FNC-USD,2022-05-12,0.0851109996438026,0.0894040018320083,0.0698089972138404,0.0799650028347969,0.0799650028347969,161592
Fancy Games USD,FNC-USD,2022-05-13,0.0799589976668357,0.0875430032610893,0.0789859965443611,0.0814670026302337,0.0814670026302337,123137
Fancy Games USD,FNC-USD,2022-05-14,0.0814670026302337,0.0836530029773712,0.079254001379013,0.0832049995660781,0.0832049995660781,112233
Fancy Games USD,FNC-USD,2022-05-15,0.0832049995660781,0.0842590034008026,0.0808829963207244,0.0828299969434738,0.0828299969434738,150407
Fancy Games USD,FNC-USD,2022-05-16,0.0828299969434738,0.0828299969434738,0.0739429965615272,0.0754270032048225,0.0754270032048225,180780
Fancy Games USD,FNC-USD,2022-05-17,0.0754270032048225,0.0790460035204887,0.0737100020051002,0.0766109973192215,0.0766109973192215,165145
Fancy Games USD,FNC-USD,2022-05-18,0.0766090005636215,0.0769720003008842,0.0702219977974891,0.0702420026063919,0.0702420026063919,111308
Fancy Games USD,FNC-USD,2022-05-19,0.0702409967780113,0.0737010017037391,0.0694139972329139,0.0733660012483596,0.0733660012483596,108898
Fancy Games USD,FNC-USD,2022-05-20,0.0733650028705596,0.0744009986519813,0.069812998175621,0.0710780024528503,0.0710780024528503,97249
Fancy Games USD,FNC-USD,2022-05-21,0.0710830017924308,0.0717590004205703,0.0704180002212524,0.0711800009012222,0.0711800009012222,109444
Fancy Games USD,FNC-USD,2022-05-22,0.0711790025234222,0.0738859996199607,0.0708469972014427,0.0738380029797554,0.0738380029797554,98151
Fancy Games USD,FNC-USD,2022-05-23,0.0738380029797554,0.1099760010838508,0.0718780010938644,0.0719899982213974,0.0719899982213974,208443
Fancy Games USD,FNC-USD,2022-05-24,0.0719889998435974,0.0734440013766288,0.069021001458168,0.0733129978179931,0.0733129978179931,117067
Fancy Games USD,FNC-USD,2022-05-25,0.0733119994401931,0.0758650004863739,0.0704019963741302,0.0704019963741302,0.0704019963741302,106629
Fancy Games USD,FNC-USD,2022-05-26,0.0704019963741302,0.0704019963741302,0.061778999865055,0.061778999865055,0.061778999865055,161501
Fancy Games USD,FNC-USD,2022-05-27,0.061778999865055,0.061778999865055,0.0589050017297267,0.0590690001845359,0.0590690001845359,86592
Fancy Games USD,FNC-USD,2022-05-28,0.058067999780178,0.0591519996523857,0.0558240003883838,0.0560880005359649,0.0560880005359649,133311
Fancy Games USD,FNC-USD,2022-05-29,0.0560880005359649,0.0560880005359649,0.0533609986305236,0.0542210005223751,0.0542210005223751,117618
Fancy Games USD,FNC-USD,2022-05-30,0.0542210005223751,0.0583349987864494,0.0540729984641075,0.0582050010561943,0.0582050010561943,79494
Fancy Games USD,FNC-USD,2022-05-31,0.0582050010561943,0.0583060011267662,0.057617001235485,0.0577649995684623,0.0577649995684623,85671
Fancy Games USD,FNC-USD,2022-06-01,0.0577649995684623,0.0577920004725456,0.0522649995982646,0.0527990013360977,0.0527990013360977,89054
Fancy Games USD,FNC-USD,2022-06-02,0.0527979992330074,0.0528399981558322,0.0521130003035068,0.0525930002331733,0.0525930002331733,66799
Fancy Games USD,FNC-USD,2022-06-03,0.0525920018553733,0.0527280010282993,0.0512630008161067,0.0514210015535354,0.0514210015535354,73324
Fancy Games USD,FNC-USD,2022-06-04,0.0514219999313354,0.0515069998800754,0.0510560013353824,0.0514580011367797,0.0514580011367797,64888
Fancy Games USD,FNC-USD,2022-06-05,0.0514580011367797,0.051851999014616,0.0513520017266273,0.0516249984502792,0.0516249984502792,65686
Fancy Games USD,FNC-USD,2022-06-06,0.0516240000724792,0.0541479997336864,0.0515809990465641,0.0536650009453296,0.0536650009453296,74553
Fancy Games USD,FNC-USD,2022-06-07,0.0536650009453296,0.0536930002272129,0.0503010004758834,0.0520850010216236,0.0520850010216236,71475
Fancy Games USD,FNC-USD,2022-06-08,0.0520850010216236,0.0521810017526149,0.0517049990594387,0.0521159991621971,0.0521159991621971,69217
Fancy Games USD,FNC-USD,2022-06-09,0.0521200001239776,0.052166000008583,0.05180199816823,0.0518650002777576,0.0518650002777576,71375
Fancy Games USD,FNC-USD,2022-06-10,0.0518670007586479,0.052241001278162,0.0500210002064704,0.0500940009951591,0.0500940009951591,64271
Fancy Games USD,FNC-USD,2022-06-11,0.0500940009951591,0.0501520000398159,0.0441650003194808,0.0443999990820884,0.0443999990820884,62733
Fancy Games USD,FNC-USD,2022-06-12,0.0443999990820884,0.0444810017943382,0.0417230017483234,0.0418349988758564,0.0418349988758564,77006
Fancy Games USD,FNC-USD,2022-06-13,0.0418349988758564,0.0418349988758564,0.0339439995586872,0.0339649990200996,0.0339649990200996,51303
Fancy Games USD,FNC-USD,2022-06-14,0.0339649990200996,0.0348239988088607,0.0298040006309747,0.0308059994131326,0.0308059994131326,112610
Fancy Games USD,FNC-USD,2022-06-15,0.0308059994131326,0.0312389992177486,0.0262020006775856,0.0311299990862607,0.0311299990862607,34695
Fancy Games USD,FNC-USD,2022-06-16,0.0311290007084608,0.031369000673294,0.0267270002514123,0.0268740002065897,0.0268740002065897,50350
Fancy Games USD,FNC-USD,2022-06-17,0.0268750004470348,0.0275190006941556,0.0268159992992877,0.0273599997162818,0.0273599997162818,35075
Fancy Games USD,FNC-USD,2022-06-18,0.0273589994758367,0.027615999802947,0.0207620002329349,0.0230110008269548,0.0230110008269548,69892
Fancy Games USD,FNC-USD,2022-06-19,0.0230110008269548,0.0261889994144439,0.021968999877572,0.0261080004274845,0.0261080004274845,32615
Fancy Games USD,FNC-USD,2022-06-20,0.0261070001870393,0.0268140006810426,0.0250380001962184,0.0260429996997118,0.0260429996997118,41519
Fancy Games USD,FNC-USD,2022-06-21,0.0260429996997118,0.0274769999086856,0.0259479992091655,0.0264040008187294,0.0264040008187294,33444
Fancy Games USD,FNC-USD,2022-06-22,0.0264040008187294,0.0264040008187294,0.0247319992631673,0.0247930008918046,0.0247930008918046,31596
Fancy Games USD,FNC-USD,2022-06-23,0.0247930008918046,0.0262989997863769,0.0246939994394779,0.0262260008603334,0.0262260008603334,33217
Fancy Games USD,FNC-USD,2022-06-24,0.0262260008603334,0.0283989999443292,0.0261930003762245,0.0283989999443292,0.0283989999443292,35379
Fancy Games USD,FNC-USD,2022-06-25,0.0283989999443292,0.0287159997969865,0.0278580002486705,0.0286669991910457,0.0286669991910457,40351
Fancy Games USD,FNC-USD,2022-06-26,0.0286669991910457,0.0291370004415512,0.0281830001622438,0.0282220002263784,0.0282220002263784,36224
Fancy Games USD,FNC-USD,2022-06-27,0.0282240007072687,0.028516000136733,0.027480000630021,0.0275129992514848,0.0275129992514848,35736
Fancy Games USD,FNC-USD,2022-06-28,0.0275129992514848,0.0286149997264146,0.0266939997673034,0.0266970004886388,0.0266970004886388,58406
Fancy Games USD,FNC-USD,2022-06-29,0.0266970004886388,0.0269159991294145,0.025442000478506,0.0256089996546506,0.0256089996546506,34161
Fancy Games USD,FNC-USD,2022-06-30,0.0256089996546506,0.0256660003215074,0.0233239997178316,0.0243069995194673,0.0243069995194673,32632
Fancy Games USD,FNC-USD,2022-07-01,0.0243079997599124,0.0252320002764463,0.0242059994488954,0.02475499920547,0.02475499920547,35304
Fancy Games USD,FNC-USD,2022-07-02,0.02475499920547,0.024762999266386,0.0238920003175735,0.0243430007249116,0.0243430007249116,29801
Fancy Games USD,FNC-USD,2022-07-03,0.0243430007249116,0.0246200002729892,0.024066999554634,0.0246009994298219,0.0246009994298219,30716
Fancy Games USD,FNC-USD,2022-07-04,0.0246009994298219,0.0262160003185272,0.0243410002440214,0.0262020006775856,0.0262020006775856,33845
Fancy Games USD,FNC-USD,2022-07-05,0.0262020006775856,0.0270949993282556,0.024737000465393,0.0264469999819993,0.0264469999819993,353712
Fancy Games USD,FNC-USD,2022-07-06,0.0264469999819993,0.027743000537157,0.0253630001097917,0.0276619996875524,0.0276619996875524,339381
Fancy Games USD,FNC-USD,2022-07-07,0.0276619996875524,0.028821999207139,0.0266089998185634,0.0286909993737936,0.0286909993737936,372145
Fancy Games USD,FNC-USD,2022-07-08,0.0286899991333484,0.0298570003360509,0.0279859993606805,0.0286159999668598,0.0286159999668598,393254
Fancy Games USD,FNC-USD,2022-07-09,0.0286159999668598,0.0290120001882314,0.0278750006109476,0.0279489997774362,0.0279489997774362,433820
Fancy Games USD,FNC-USD,2022-07-10,0.0279489997774362,0.0283829998224973,0.0260680001229047,0.0261829998344182,0.0261829998344182,345172
Fancy Games USD,FNC-USD,2022-07-11,0.0261829998344182,0.0265999995172023,0.0244169998914003,0.0244730003178119,0.0244730003178119,359240
Fancy Games USD,FNC-USD,2022-07-12,0.0244730003178119,0.0248429998755455,0.0227119997143745,0.0227119997143745,0.0227119997143745,329698
Fancy Games USD,FNC-USD,2022-07-13,0.0227119997143745,0.0241400003433227,0.0218739993870258,0.0240279994904994,0.0240279994904994,312175
Fancy Games USD,FNC-USD,2022-07-14,0.0240279994904994,0.0260639991611242,0.0230539999902248,0.0254859998822212,0.0254859998822212,336367
Fancy Games USD,FNC-USD,2022-07-15,0.0254859998822212,0.0271540004760026,0.0252539999783039,0.0264209993183612,0.0264209993183612,372947
Fancy Games USD,FNC-USD,2022-07-16,0.0264209993183612,0.0298219993710517,0.0250569991767406,0.029543999582529,0.029543999582529,375663
Fancy Games USD,FNC-USD,2022-07-17,0.029543999582529,0.0300420001149177,0.0286909993737936,0.0292269997298717,0.0292269997298717,389216
Fancy Games USD,FNC-USD,2022-07-18,0.0292259994894266,0.0341240018606185,0.0289629995822906,0.0341240018606185,0.0341240018606185,499910
Fancy Games USD,FNC-USD,2022-07-19,0.0341240018606185,0.0347319990396499,0.0325019992887973,0.0333239994943141,0.0333239994943141,368843
Fancy Games USD,FNC-USD,2022-07-20,0.0333239994943141,0.0390169993042945,0.0323739983141422,0.0347439981997013,0.0347439981997013,635905
Fancy Games USD,FNC-USD,2022-07-21,0.0347439981997013,0.0354180000722408,0.0332700014114379,0.0343040004372596,0.0343040004372596,589894
Fancy Games USD,FNC-USD,2022-07-22,0.0343040004372596,0.0357349999248981,0.0329030007123947,0.0335149988532066,0.0335149988532066,628267
Fancy Games USD,FNC-USD,2022-07-23,0.0335149988532066,0.0349380001425743,0.0325240008533,0.0338760018348693,0.0338760018348693,1086564
Fancy Games USD,FNC-USD,2022-07-24,0.0338760018348693,0.0368300005793571,0.0338459983468055,0.0355650000274181,0.0355650000274181,957303
Fancy Games USD,FNC-USD,2022-07-25,0.0355659984052181,0.0357149988412857,0.0316580012440681,0.0317579992115497,0.0317579992115497,982070
Fancy Games USD,FNC-USD,2022-07-26,0.0317579992115497,0.0317579992115497,0.0297190006822347,0.0315259993076324,0.0315259993076324,916246
Fancy Games USD,FNC-USD,2022-07-27,0.0315259993076324,0.0347700007259845,0.0308710001409053,0.0331979990005493,0.0331979990005493,953014
Fancy Games USD,FNC-USD,2022-07-28,0.0331990011036396,0.0358510017395019,0.0324460007250309,0.0347580015659332,0.0347580015659332,1025917
Fancy Games USD,FNC-USD,2022-07-29,0.0348270013928413,0.0352619998157024,0.0333000011742115,0.0344690009951591,0.0344690009951591,1050366
Fancy Games USD,FNC-USD,2022-07-30,0.0344690009951591,0.0348119996488094,0.0333099998533725,0.033695999532938,0.033695999532938,1059139
Fancy Games USD,FNC-USD,2022-07-31,0.033695999532938,0.03558100014925,0.0335090011358261,0.0340740010142326,0.0340740010142326,1009061
Fancy Games USD,FNC-USD,2022-08-01,0.0340740010142326,0.034655999392271,0.0323840007185936,0.0328000001609325,0.0328000001609325,1091972
Fancy Games USD,FNC-USD,2022-08-02,0.0328000001609325,0.0332299992442131,0.0310389995574951,0.0324469991028308,0.0324469991028308,977136
Fancy Games USD,FNC-USD,2022-08-03,0.0324469991028308,0.0329939983785152,0.0311060007661581,0.0313329994678497,0.0313329994678497,981114
Fancy Games USD,FNC-USD,2022-08-04,0.0313329994678497,0.0321040004491806,0.0300849992781877,0.030477000400424,0.030477000400424,961220
Fancy Games USD,FNC-USD,2022-08-05,0.0304760001599788,0.0327589996159076,0.0304579995572567,0.0324359983205795,0.0324359983205795,950473
Fancy Games USD,FNC-USD,2022-08-06,0.0324359983205795,0.0327529981732368,0.0314819999039173,0.0314829982817173,0.0314829982817173,912232
Fancy Games USD,FNC-USD,2022-08-07,0.0314829982817173,0.0319419987499713,0.0310660004615783,0.0313990004360675,0.0313990004360675,1039216
Fancy Games USD,FNC-USD,2022-08-08,0.0313999988138675,0.0335070006549358,0.03133499994874,0.0324609987437725,0.0324609987437725,1065057
Fancy Games USD,FNC-USD,2022-08-09,0.0324600003659725,0.0327330008149147,0.0302380006760358,0.0305489990860223,0.0305489990860223,1027118
Fancy Games USD,FNC-USD,2022-08-10,0.0305489990860223,0.0332470014691352,0.0298519991338253,0.0329039990901947,0.0329039990901947,948396
Fancy Games USD,FNC-USD,2022-08-11,0.0329039990901947,0.0339669995009899,0.0320289991796016,0.032209999859333,0.032209999859333,973189
Fancy Games USD,FNC-USD,2022-08-12,0.032209001481533,0.0332150012254715,0.0316760018467903,0.0327840000391006,0.0327840000391006,603869
Fancy Games USD,FNC-USD,2022-08-13,0.0327849984169006,0.0339060015976429,0.0324359983205795,0.0328750014305114,0.0328750014305114,414145
Fancy Games USD,FNC-USD,2022-08-14,0.0328750014305114,0.0335809998214244,0.0308710001409053,0.0310389995574951,0.0310389995574951,356516
Fancy Games USD,FNC-USD,2022-08-15,0.0310369990766048,0.0324920006096363,0.0300379991531372,0.0304409991949796,0.0304409991949796,357296
Fancy Games USD,FNC-USD,2022-08-16,0.0304409991949796,0.0308730006217956,0.0293719992041587,0.0305739995092153,0.0305739995092153,343205
Fancy Games USD,FNC-USD,2022-08-17,0.0305739995092153,0.0317149981856346,0.0292789991945028,0.029339000582695,0.029339000582695,308059
Fancy Games USD,FNC-USD,2022-08-18,0.029339000582695,0.0302809998393058,0.029339000582695,0.0294599998742342,0.0294599998742342,274335
Fancy Games USD,FNC-USD,2022-08-19,0.0294599998742342,0.0295809991657733,0.0254699997603893,0.0255130007863044,0.0255130007863044,311569
Fancy Games USD,FNC-USD,2022-08-20,0.0255130007863044,0.0262860003858804,0.0240959990769624,0.0248390007764101,0.0248390007764101,256556
Fancy Games USD,FNC-USD,2022-08-21,0.0248390007764101,0.0257820002734661,0.0245999991893768,0.025067999958992,0.025067999958992,300256
Fancy Games USD,FNC-USD,2022-08-22,0.0250690001994371,0.025560999289155,0.0237649995833635,0.0250209998339414,0.0250209998339414,263839
Fancy Games USD,FNC-USD,2022-08-23,0.0250199995934963,0.0257109999656677,0.0239620003849267,0.0254519991576671,0.0254519991576671,262241
Fancy Games USD,FNC-USD,2022-08-24,0.0254519991576671,0.0256999991834163,0.0244769994169473,0.0249809995293617,0.0249809995293617,291262
Fancy Games USD,FNC-USD,2022-08-25,0.0249799992889165,0.0260429996997118,0.0246970001608133,0.0254430007189512,0.0254430007189512,251611
Fancy Games USD,FNC-USD,2022-08-26,0.025442000478506,0.0255679991096258,0.0222970005124807,0.0224580001085996,0.0224580001085996,277138
Fancy Games USD,FNC-USD,2022-08-27,0.0224590003490448,0.0228870008140802,0.0212670005857944,0.0219989996403455,0.0219989996403455,259802
Fancy Games USD,FNC-USD,2022-08-28,0.0219989996403455,0.0221369992941617,0.0206630006432533,0.0206630006432533,0.0206630006432533,240780
Fancy Games USD,FNC-USD,2022-08-29,0.0206630006432533,0.0221909992396831,0.0202939994633197,0.0220950003713369,0.0220950003713369,223974
Fancy Games USD,FNC-USD,2022-08-30,0.0220940001308918,0.0227780006825923,0.0208279993385076,0.0216080006211996,0.0216080006211996,239450
Fancy Games USD,FNC-USD,2022-08-31,0.0216080006211996,0.022894000634551,0.0211720000952482,0.0217470005154609,0.0217470005154609,254990
Fancy Games USD,FNC-USD,2022-09-01,0.0217480007559061,0.0224070008844137,0.0211490001529455,0.0218739993870258,0.0218739993870258,240779
Fancy Games USD,FNC-USD,2022-09-02,0.0218739993870258,0.022936999797821,0.0212079994380474,0.0217519998550415,0.0217519998550415,248245
Fancy Games USD,FNC-USD,2022-09-03,0.0217519998550415,0.0219960007816553,0.0207640007138252,0.0213639996945858,0.0213639996945858,223121
Fancy Games USD,FNC-USD,2022-09-04,0.0213639996945858,0.0217499993741512,0.0207449998706579,0.0216990001499652,0.0216990001499652,269594
Fancy Games USD,FNC-USD,2022-09-05,0.0216990001499652,0.0220950003713369,0.0206470005214214,0.0220950003713369,0.0220950003713369,233765
Fancy Games USD,FNC-USD,2022-09-06,0.0220950003713369,0.0226750001311302,0.0206749998033046,0.0207959990948438,0.0207959990948438,241804
Fancy Games USD,FNC-USD,2022-09-07,0.0207950007170438,0.0221599992364645,0.0198480002582073,0.021451000124216,0.021451000124216,254333
Fancy Games USD,FNC-USD,2022-09-08,0.021451000124216,0.0222169999033212,0.0210810005664825,0.0216109994798898,0.0216109994798898,277904
Fancy Games USD,FNC-USD,2022-09-09,0.0216109994798898,0.0232020001858472,0.0213760007172822,0.0229499991983175,0.0229499991983175,258738
Fancy Games USD,FNC-USD,2022-09-10,0.0229499991983175,0.0235590003430843,0.0222670007497072,0.0234929993748664,0.0234929993748664,288066
Fancy Games USD,FNC-USD,2022-09-11,0.0234929993748664,0.0285519994795322,0.0226980000734329,0.0285519994795322,0.0285519994795322,472097
Fancy Games USD,FNC-USD,2022-09-12,0.0285560004413127,0.0291080009192228,0.0274979993700981,0.0288699995726346,0.0288699995726346,470502
Fancy Games USD,FNC-USD,2022-09-13,0.0288709998130798,0.0295889992266893,0.0229390002787113,0.0233650002628564,0.0233650002628564,422520
Fancy Games USD,FNC-USD,2022-09-14,0.0231180004775524,0.0239659994840621,0.0229359995573759,0.0236189998686313,0.0236189998686313,280727
Fancy Games USD,FNC-USD,2022-09-15,0.0236189998686313,0.024142999202013,0.0210020001977682,0.021518999710679,0.021518999710679,269456
Fancy Games USD,FNC-USD,2022-09-16,0.021518999710679,0.0216869991272687,0.02025399915874,0.020728999748826,0.020728999748826,244760
Fancy Games USD,FNC-USD,2022-09-17,0.020728999748826,0.0215230006724596,0.02016899921,0.0210999995470047,0.0210999995470047,218319
Fancy Games USD,FNC-USD,2022-09-18,0.0210999995470047,0.0212750006467103,0.0188689995557069,0.0189989991486072,0.0189989991486072,264089
Fancy Games USD,FNC-USD,2022-09-19,0.0189989991486072,0.0199529994279146,0.0181809999048709,0.0197650007903575,0.0197650007903575,211908
Fancy Games USD,FNC-USD,2022-09-20,0.0197640005499124,0.0197640005499124,0.0181840006262063,0.0184659995138645,0.0184659995138645,237126
Fancy Games USD,FNC-USD,2022-09-21,0.0184659995138645,0.0188979990780353,0.0165909994393587,0.0168609991669654,0.0168609991669654,228629
Fancy Games USD,FNC-USD,2022-09-22,0.0168609991669654,0.0183949992060661,0.0167399998754262,0.0178529992699623,0.0178529992699623,184784
Fancy Games USD,FNC-USD,2022-09-23,0.0178529992699623,0.0186369996517896,0.0171590000391006,0.0177030004560947,0.0177030004560947,183922
Fancy Games USD,FNC-USD,2022-09-24,0.0177030004560947,0.0184550005942583,0.0174540001899003,0.0176609996706247,0.0176609996706247,200569
Fancy Games USD,FNC-USD,2022-09-25,0.0176609996706247,0.0181569997221231,0.0169239994138479,0.0173509996384382,0.0173509996384382,195844
Fancy Games USD,FNC-USD,2022-09-26,0.0173509996384382,0.0179699994623661,0.0168800000101327,0.017917999997735,0.017917999997735,196545
Fancy Games USD,FNC-USD,2022-09-27,0.017917999997735,0.0192440003156662,0.017544999718666,0.0178800001740455,0.0178800001740455,209923
Fancy Games USD,FNC-USD,2022-09-28,0.0178800001740455,0.0183479990810155,0.016202000901103,0.017137000337243,0.017137000337243,214184
Fancy Games USD,FNC-USD,2022-09-29,0.017137000337243,0.0174269992858171,0.0162739995867013,0.0168600007891654,0.0168600007891654,204371
Fancy Games USD,FNC-USD,2022-09-30,0.0168600007891654,0.017485000193119,0.0163969993591308,0.0167609993368387,0.0167609993368387,213205
Fancy Games USD,FNC-USD,2022-10-01,0.0167609993368387,0.0169990006834268,0.0161889996379613,0.0163160003721714,0.0163160003721714,186351
Fancy Games USD,FNC-USD,2022-10-02,0.0163160003721714,0.0167219992727041,0.0157130006700754,0.0161119997501373,0.0161119997501373,194922
Fancy Games USD,FNC-USD,2022-10-03,0.0161119997501373,0.0166350007057189,0.0157280005514621,0.0164950005710124,0.0164950005710124,193354
Fancy Games USD,FNC-USD,2022-10-04,0.0164950005710124,0.0169440004974603,0.0161049999296665,0.0165309999138116,0.0165309999138116,215371
Fancy Games USD,FNC-USD,2022-10-05,0.0165309999138116,0.0167180001735687,0.0157420001924037,0.0160830002278089,0.0160830002278089,194497
Fancy Games USD,FNC-USD,2022-10-06,0.0160830002278089,0.0168260000646114,0.0158389993011951,0.0158920008689165,0.0158920008689165,216652
Fancy Games USD,FNC-USD,2022-10-07,0.0158929992467165,0.0163940005004405,0.0154759995639324,0.0159120000898838,0.0159120000898838,177476
Fancy Games USD,FNC-USD,2022-10-08,0.0159130003303289,0.0160649996250867,0.0151380002498626,0.0151399997994303,0.0151399997994303,185330
Fancy Games USD,FNC-USD,2022-10-09,0.0151399997994303,0.0157900005578994,0.0151359997689723,0.0152329998090863,0.0152329998090863,198942
Fancy Games USD,FNC-USD,2022-10-10,0.0152329998090863,0.0157709997147321,0.0147770000621676,0.0149140004068613,0.0149140004068613,152937
Fancy Games USD,FNC-USD,2022-10-11,0.0149130001664161,0.0151909999549388,0.0144859999418258,0.014657000079751,0.014657000079751,176072
Fancy Games USD,FNC-USD,2022-10-12,0.0146580003201961,0.0152439996600151,0.0145549997687339,0.0149180004373192,0.0149180004373192,183737
Fancy Games USD,FNC-USD,2022-10-13,0.0149180004373192,0.015077999792993,0.0137059995904564,0.0144990002736449,0.0144990002736449,175522
Fancy Games USD,FNC-USD,2022-10-14,0.0144990002736449,0.0154569996520876,0.014483000151813,0.0146840000525116,0.0146840000525116,179690
Fancy Games USD,FNC-USD,2022-10-15,0.0146840000525116,0.0149900000542402,0.0142769999802112,0.014390000142157,0.014390000142157,166914
Fancy Games USD,FNC-USD,2022-10-16,0.014390000142157,0.0150840003043413,0.0143269998952746,0.0149349998682737,0.0149349998682737,226021
Fancy Games USD,FNC-USD,2022-10-17,0.0149349998682737,0.0151850003749132,0.0145129999145865,0.0147350002080202,0.0147350002080202,170470
Fancy Games USD,FNC-USD,2022-10-18,0.0147350002080202,0.0151079995557665,0.0141169996932148,0.0142149999737739,0.0142149999737739,164450
Fancy Games USD,FNC-USD,2022-10-19,0.0142149999737739,0.0146300001069903,0.0138689996674656,0.0141110001131892,0.0141110001131892,193953
Fancy Games USD,FNC-USD,2022-10-20,0.0141110001131892,0.0143229998648166,0.0136110000312328,0.0138100003823637,0.0138100003823637,199128
Fancy Games USD,FNC-USD,2022-10-21,0.0138100003823637,0.0142980003729462,0.0134380003437399,0.0141059998422861,0.0141059998422861,172303
Fancy Games USD,FNC-USD,2022-10-22,0.0141059998422861,0.0142750004306435,0.0136350002139806,0.0141569999977946,0.0141569999977946,161108
Fancy Games USD,FNC-USD,2022-10-23,0.0141559997573494,0.0147759998217225,0.0136249996721744,0.0143449995666742,0.0143449995666742,165677
Fancy Games USD,FNC-USD,2022-10-24,0.0143440002575516,0.0146770002320408,0.0138640003278851,0.0140370000153779,0.0140370000153779,185015
Fancy Games USD,FNC-USD,2022-10-25,0.0140370000153779,0.0157180000096559,0.0137729998677968,0.0149069996550679,0.0149069996550679,176358
Fancy Games USD,FNC-USD,2022-10-26,0.0148910004645586,0.0160879995673894,0.0148809999227523,0.0157459992915391,0.0157459992915391,195969
Fancy Games USD,FNC-USD,2022-10-27,0.0157459992915391,0.0158479996025562,0.0151310004293918,0.0152110001072287,0.0152110001072287,205716
Fancy Games USD,FNC-USD,2022-10-28,0.0152110001072287,0.0156619995832443,0.0149130001664161,0.0154860001057386,0.0154860001057386,182764
Fancy Games USD,FNC-USD,2022-10-29,0.0154860001057386,0.0163700003176927,0.0154330004006624,0.0160310007631778,0.0160310007631778,180415
Fancy Games USD,FNC-USD,2022-10-30,0.0160310007631778,0.0161920003592968,0.0155170001089572,0.0157490000128746,0.0157490000128746,197073
Fancy Games USD,FNC-USD,2022-10-31,0.0157490000128746,0.0161029994487762,0.0151819996535778,0.0154029997065663,0.0154029997065663,191046
Fancy Games USD,FNC-USD,2022-11-01,0.0154029997065663,0.0158050004392862,0.0152719998732209,0.0153529997915029,0.0153529997915029,197926
Fancy Games USD,FNC-USD,2022-11-02,0.0153529997915029,0.0156629998236894,0.0145699996501207,0.014708999544382,0.014708999544382,167408
Fancy Games USD,FNC-USD,2022-11-03,0.014708999544382,0.0151329999789595,0.0146509995684027,0.0146629996597766,0.0146629996597766,190238
Fancy Games USD,FNC-USD,2022-11-04,0.0146629996597766,0.0158660002052783,0.014653000049293,0.0156079996377229,0.0156079996377229,190967
Fancy Games USD,FNC-USD,2022-11-05,0.0155950002372264,0.0157750006765127,0.0152799999341368,0.0153120001778006,0.0153120001778006,183120
Fancy Games USD,FNC-USD,2022-11-06,0.0153120001778006,0.015354000031948,0.0142750004306435,0.0142949996516108,0.0142949996516108,189260
Fancy Games USD,FNC-USD,2022-11-07,0.0142900003120303,0.0145479999482631,0.0140570001676678,0.0141899995505809,0.0141899995505809,169325
Fancy Games USD,FNC-USD,2022-11-08,0.0141899995505809,0.0142700001597404,0.0114190001040697,0.0121130002662539,0.0121130002662539,152772
Fancy Games USD,FNC-USD,2022-11-09,0.0121179996058344,0.0121449995785951,0.0097930002957582,0.010037999600172,0.010037999600172,129067
Fancy Games USD,FNC-USD,2022-11-10,0.0100140003487467,0.0121160000562667,0.0099470000714063,0.011668000370264,0.011668000370264,146641
Fancy Games USD,FNC-USD,2022-11-11,0.0116560002788901,0.0117260003462433,0.0107960002496838,0.0115000000223517,0.0115000000223517,127207
Fancy Games USD,FNC-USD,2022-11-12,0.0115000000223517,0.0115189999341964,0.0110839996486902,0.0111790001392364,0.0111790001392364,127693
Fancy Games USD,FNC-USD,2022-11-13,0.0111870002001523,0.0113369999453425,0.0105119999498128,0.0105619998648762,0.0105619998648762,174281
Fancy Games USD,FNC-USD,2022-11-14,0.0105640003457665,0.011196999810636,0.010165000334382,0.0107209999114274,0.0107209999114274,126657
Fancy Games USD,FNC-USD,2022-11-15,0.0107220001518726,0.0110839996486902,0.0106469998136162,0.0107810003682971,0.0107810003682971,130519
Fancy Games USD,FNC-USD,2022-11-16,0.0107840001583099,0.0110640004277229,0.0099579999223351,0.0100940000265836,0.0100940000265836,244931
Fancy Games USD,FNC-USD,2022-11-17,0.0100940000265836,0.0103439996019005,0.0098829995840787,0.0100370002910494,0.0100370002910494,331104
Fancy Games USD,FNC-USD,2022-11-18,0.01004199963063,0.0104520004242658,0.0097780004143714,0.0098430002108216,0.0098430002108216,354493
Fancy Games USD,FNC-USD,2022-11-19,0.0098240002989768,0.0098310001194477,0.0096570001915097,0.0096669998019933,0.0096669998019933,266355
Fancy Games USD,FNC-USD,2022-11-20,0.0096669998019933,0.0097099998965859,0.0089269997552037,0.0089619997888803,0.0089619997888803,252653
Fancy Games USD,FNC-USD,2022-11-21,0.0089619997888803,0.0089929997920989,0.0084229996427893,0.0086270002648234,0.0086270002648234,261205
Fancy Games USD,FNC-USD,2022-11-22,0.008627999573946,0.0089290002360939,0.0083100004121661,0.0087770000100135,0.0087770000100135,265199
Fancy Games USD,FNC-USD,2022-11-23,0.0087750004604458,0.0090730004012584,0.0087029999122023,0.0090399999171495,0.0090399999171495,248722
Fancy Games USD,FNC-USD,2022-11-24,0.0090410001575946,0.0092080002650618,0.0089109996333718,0.0090610003098845,0.0090610003098845,273774
Fancy Games USD,FNC-USD,2022-11-25,0.0090610003098845,0.0091429995372891,0.0087860003113746,0.0090520000085234,0.0090520000085234,251680
Fancy Games USD,FNC-USD,2022-11-26,0.0090530002489686,0.0092970002442598,0.008980999700725,0.0090520000085234,0.0090520000085234,292614
Fancy Games USD,FNC-USD,2022-11-27,0.0090500004589557,0.0091129997745156,0.0087900003418326,0.0087980004027485,0.0087980004027485,296493
Fancy Games USD,FNC-USD,2022-11-28,0.0087980004027485,0.0088200001046061,0.0085140001028776,0.0085490001365542,0.0085490001365542,263231
Fancy Games USD,FNC-USD,2022-11-29,0.0085450001060962,0.0089980000630021,0.0084830000996589,0.0087350001558661,0.0087350001558661,281647
Fancy Games USD,FNC-USD,2022-11-30,0.0087350001558661,0.0095089999958872,0.0087190000340342,0.0094360001385211,0.0094360001385211,295149
Fancy Games USD,FNC-USD,2022-12-01,0.0094360001385211,0.0094459997490048,0.0090469997376203,0.0091009996831417,0.0091009996831417,278995
Fancy Games USD,FNC-USD,2022-12-02,0.0091070001944899,0.0092639997601509,0.0089600002393126,0.0090969996526837,0.0090969996526837,265696
Fancy Games USD,FNC-USD,2022-12-03,0.0090899998322129,0.0091369999572634,0.0085680000483989,0.0085789998993277,0.0085789998993277,245728
Fancy Games USD,FNC-USD,2022-12-04,0.0085819996893405,0.0088649997487664,0.0085610002279281,0.00874700024724,0.00874700024724,252886
Fancy Games USD,FNC-USD,2022-12-05,0.0087440004572272,0.0089980000630021,0.0084330001845955,0.0085909999907016,0.0085909999907016,227898
Fancy Games USD,FNC-USD,2022-12-06,0.0085909999907016,0.0086570000275969,0.0083799995481967,0.0086230002343654,0.0086230002343654,134280
Fancy Games USD,FNC-USD,2022-12-07,0.0086219999939203,0.0086219999939203,0.0081449998542666,0.0081799998879432,0.0081799998879432,118535
Fancy Games USD,FNC-USD,2022-12-08,0.0081799998879432,0.0086019998416304,0.0081390002742409,0.00849200040102,0.00849200040102,135324
Fancy Games USD,FNC-USD,2022-12-09,0.00849200040102,0.0086150001734495,0.0082700001075863,0.0083020003512501,0.0083020003512501,141225
Fancy Games USD,FNC-USD,2022-12-10,0.0083020003512501,0.0083370003849267,0.0079030003398656,0.0080599999055266,0.0080599999055266,125508
Fancy Games USD,FNC-USD,2022-12-11,0.0080599999055266,0.0082139996811747,0.0079210000112652,0.0079880002886056,0.0079880002886056,142800
Fancy Games USD,FNC-USD,2022-12-12,0.0079880002886056,0.0080030001699924,0.0077209998853504,0.0079929996281862,0.0079929996281862,59265
Fancy Games USD,FNC-USD,2022-12-13,0.0079929996281862,0.0082679996266961,0.0077909999527037,0.0081489998847246,0.0081489998847246,44274
Fancy Games USD,FNC-USD,2022-12-14,0.0081510003656148,0.0081829996779561,0.0077849999070167,0.0078090000897645,0.0078090000897645,34075
Fancy Games USD,FNC-USD,2022-12-15,0.0078140003606677,0.0079089999198913,0.0076529998332262,0.0077269999310374,0.0077269999310374,35405
Fancy Games USD,FNC-USD,2022-12-16,0.0077280001714825,0.0078140003606677,0.0069229998625814,0.0069760000333189,0.0069760000333189,33365
Fancy Games USD,FNC-USD,2022-12-17,0.0069760000333189,0.0070919999852776,0.0060979998670518,0.0061449999921023,0.0061449999921023,71844
Fancy Games USD,FNC-USD,2022-12-18,0.0061460002325475,0.0061880000866949,0.0059810001403093,0.0059930002316832,0.0059930002316832,29404
Fancy Games USD,FNC-USD,2022-12-19,0.0059930002316832,0.0060539999976754,0.0056980000808835,0.0057580000720918,0.0057580000720918,44558
Fancy Games USD,FNC-USD,2022-12-20,0.0057580000720918,0.0059890002012252,0.0052840001881122,0.0053070001304149,0.0053070001304149,59433
Fancy Games USD,FNC-USD,2022-12-21,0.0053050001151859,0.0053099999204277,0.0051529998891055,0.0051879999227821,0.0051879999227821,27098
Fancy Games USD,FNC-USD,2022-12-22,0.0051899999380111,0.0051930001936852,0.0049749999307096,0.0050780000165104,0.0050780000165104,28391
Fancy Games USD,FNC-USD,2022-12-23,0.0050739999860525,0.0051040002144873,0.0047300001606345,0.0047410000115633,0.0047410000115633,38329
Fancy Games USD,FNC-USD,2022-12-24,0.0047399997711181,0.0047829998657107,0.0047220000997185,0.0047650001943111,0.0047650001943111,20008
Fancy Games USD,FNC-USD,2022-12-25,0.0047650001943111,0.0047679999843239,0.0046009998768568,0.0046600000932812,0.0046600000932812,20729
Fancy Games USD,FNC-USD,2022-12-26,0.0046620001085102,0.0047309999354183,0.0045739999040961,0.0047269999049603,0.0047269999049603,30614
Fancy Games USD,FNC-USD,2022-12-27,0.0047260001301765,0.0047439998015761,0.0043970001861453,0.0044089998118579,0.0044089998118579,32542
Fancy Games USD,FNC-USD,2022-12-28,0.004408000037074,0.0044169998727738,0.0041800001636147,0.0042559998109936,0.0042559998109936,20306
Fancy Games USD,FNC-USD,2022-12-29,0.0042559998109936,0.0042920000851154,0.0041829999536275,0.0042519997805356,0.0042519997805356,20528
Fancy Games USD,FNC-USD,2022-12-30,0.0042519997805356,0.0043060001917183,0.0041669998317956,0.0041669998317956,0.0041669998317956,17209
Fancy Games USD,FNC-USD,2022-12-31,0.0041660000570118,0.004242000170052,0.00412999978289,0.0041470001451671,0.0041470001451671,18964
Fancy Games USD,FNC-USD,2023-01-01,0.004149000160396,0.0041579999960958,0.00412999978289,0.004139999859035,0.004139999859035,18726
Fancy Games USD,FNC-USD,2023-01-02,0.004139999859035,0.0042200000025331,0.0041109998710453,0.0041519999504089,0.0041519999504089,20604
Fancy Games USD,FNC-USD,2023-01-03,0.004153000190854,0.0041769999079406,0.0041180001571774,0.004153000190854,0.004153000190854,18474
Fancy Games USD,FNC-USD,2023-01-04,0.004153000190854,0.0043089999817311,0.0041439998894929,0.0042650001123547,0.0042650001123547,18950
Fancy Games USD,FNC-USD,2023-01-05,0.0042650001123547,0.0042809997685253,0.004236000124365,0.0042530000209808,0.0042530000209808,21151
Fancy Games USD,FNC-USD,2023-01-06,0.0042519997805356,0.0042759999632835,0.0040710000321269,0.0042639998719096,0.0042639998719096,18927
Fancy Games USD,FNC-USD,2023-01-07,0.0042659998871386,0.0042799999937415,0.0041899997740983,0.0042730001732707,0.0042730001732707,19002
Fancy Games USD,FNC-USD,2023-01-08,0.0042759999632835,0.0042779999785125,0.0041849999688565,0.0042539997957646,0.0042539997957646,18393
Fancy Games USD,FNC-USD,2023-01-09,0.004248000215739,0.0044809998944401,0.004240000154823,0.0043689999729394,0.0043689999729394,19292
Fancy Games USD,FNC-USD,2023-01-10,0.0043709999881684,0.0044909999705851,0.004321000073105,0.0044639999978244,0.0044639999978244,23143
Fancy Games USD,FNC-USD,2023-01-11,0.0044639999978244,0.0045280000194907,0.0042409999296069,0.0045280000194907,0.0045280000194907,20634
Fancy Games USD,FNC-USD,2023-01-12,0.0045909998007118,0.0046930001117289,0.0045039998367428,0.0046250000596046,0.0046250000596046,21393
Fancy Games USD,FNC-USD,2023-01-13,0.0046250000596046,0.0047860001213848,0.0045329998247325,0.0047459998168051,0.0047459998168051,19737
Fancy Games USD,FNC-USD,2023-01-14,0.0047470000572502,0.0051580001600086,0.0047450000420212,0.0051469998434185,0.0051469998434185,39657
Fancy Games USD,FNC-USD,2023-01-15,0.0051480000838637,0.0051669999957084,0.0050429999828338,0.0051369997672736,0.0051369997672736,22667
Fancy Games USD,FNC-USD,2023-01-16,0.0051389997825026,0.0052550002001225,0.0048639997839927,0.0051890001632273,0.0051890001632273,22672
Fancy Games USD,FNC-USD,2023-01-17,0.0051890001632273,0.0052999998442828,0.005107999779284,0.0051759998314082,0.0051759998314082,23945
Fancy Games USD,FNC-USD,2023-01-18,0.0051699997857213,0.0052860002033412,0.0049310000613331,0.0050099999643862,0.0050099999643862,21288
Fancy Games USD,FNC-USD,2023-01-19,0.0050139999948441,0.0052660000510513,0.0050099999643862,0.0052510001696646,0.0052510001696646,35392
Fancy Games USD,FNC-USD,2023-01-20,0.0052530001848936,0.0055619999766349,0.0052189999260008,0.0055450000800192,0.0055450000800192,22625
Fancy Games USD,FNC-USD,2023-01-21,0.0055450000800192,0.0056050000712275,0.0054029999300837,0.0054040001705288,0.0054040001705288,24321
Fancy Games USD,FNC-USD,2023-01-22,0.0054080002009868,0.0055280001834034,0.0053579998202621,0.0054150000214576,0.0054150000214576,24570
Fancy Games USD,FNC-USD,2023-01-23,0.0054130000062286,0.005462999921292,0.0052260002121329,0.0053170002065598,0.0053170002065598,24446
Fancy Games USD,FNC-USD,2023-01-24,0.0053150001913309,0.0053900000639259,0.0046910000964999,0.0047140000388026,0.0047140000388026,57229
Fancy Games USD,FNC-USD,2023-01-25,0.0047149998135864,0.0049780001863837,0.0046640001237392,0.0049189999699592,0.0049189999699592,24866
Fancy Games USD,FNC-USD,2023-01-26,0.0049209999851882,0.0049850000068545,0.0048299999907612,0.004927999805659,0.004927999805659,20899
Fancy Games USD,FNC-USD,2023-01-27,0.00492599979043,0.0049419999122619,0.0046250000596046,0.0047419997863471,0.0047419997863471,36385
Fancy Games USD,FNC-USD,2023-01-28,0.0047410000115633,0.0047650001943111,0.0045529999770224,0.0045830002054572,0.0045830002054572,21772
Fancy Games USD,FNC-USD,2023-01-29,0.0045830002054572,0.0049689998850226,0.0045679998584091,0.0048919999971985,0.0048919999971985,21901
Fancy Games USD,FNC-USD,2023-01-30,0.0048919999971985,0.0048980000428855,0.0045690000988543,0.0046480000019073,0.0046480000019073,23917
Fancy Games USD,FNC-USD,2023-01-31,0.0046459999866783,0.0047399997711181,0.0046100001782178,0.0046560000628232,0.0046560000628232,18753
Fancy Games USD,FNC-USD,2023-02-01,0.0046560000628232,0.0048380000516772,0.0045190001837909,0.0048210001550614,0.0048210001550614,19859
Fancy Games USD,FNC-USD,2023-02-02,0.0048219999298453,0.0050989999435842,0.0046439999714493,0.0046509997919201,0.0046509997919201,38749
Fancy Games USD,FNC-USD,2023-02-03,0.0046529998071491,0.0048230001702904,0.0046190000139176,0.0048150001093745,0.0048150001093745,22568
Fancy Games USD,FNC-USD,2023-02-04,0.0048130000941455,0.0048819999210536,0.0047450000420212,0.0047550001181662,0.0047550001181662,18364
Fancy Games USD,FNC-USD,2023-02-05,0.004757999908179,0.0047760000452399,0.004579999949783,0.0046259998343884,0.0046259998343884,20928
Fancy Games USD,FNC-USD,2023-02-06,0.0046270000748336,0.0046930001117289,0.0045239999890327,0.0045489999465644,0.0045489999465644,21732
Fancy Games USD,FNC-USD,2023-02-07,0.0045449999161064,0.0047249998897314,0.0045400001108646,0.0047140000388026,0.0047140000388026,20707
Fancy Games USD,FNC-USD,2023-02-08,0.0047160000540316,0.0047809998504817,0.0045150001533329,0.0045579997822642,0.0045579997822642,20291
Fancy Games USD,FNC-USD,2023-02-09,0.0045599997974932,0.0046129999682307,0.0033239999320358,0.0033549999352544,0.0033549999352544,59535
Fancy Games USD,FNC-USD,2023-02-10,0.0033549999352544,0.0033750000875443,0.0031830000225454,0.0032039999496191,0.0032039999496191,17660
Fancy Games USD,FNC-USD,2023-02-11,0.0032049999572336,0.0032820000778883,0.0031930000986903,0.0032760000322014,0.0032760000322014,13803
Fancy Games USD,FNC-USD,2023-02-12,0.0032740000169724,0.0032770000398159,0.0031230000313371,0.0031540000345557,0.0031540000345557,24459
Fancy Games USD,FNC-USD,2023-02-13,0.0031550000421702,0.0031689999159425,0.0030219999607652,0.00307899992913,0.00307899992913,14145
Fancy Games USD,FNC-USD,2023-02-14,0.003080999944359,0.003167999908328,0.0030330000445246,0.0031600000802427,0.0031600000802427,12973
Fancy Games USD,FNC-USD,2023-02-15,0.0031590000726282,0.0033700000494718,0.0031119999475777,0.0033660000190138,0.0033660000190138,14636
Fancy Games USD,FNC-USD,2023-02-16,0.0033680000342428,0.003565999912098,0.0033480001147836,0.0033519999124109,0.0033519999124109,17520
Fancy Games USD,FNC-USD,2023-02-17,0.0033539999276399,0.0035019998904317,0.0033420000690966,0.0034129999112337,0.0034129999112337,14476
Fancy Games USD,FNC-USD,2023-02-18,0.0034129999112337,0.0034340000711381,0.0033780001103878,0.003393999999389,0.003393999999389,15900
Fancy Games USD,FNC-USD,2023-02-19,0.003396000014618,0.0034580000210553,0.0033559999428689,0.003396000014618,0.003396000014618,14418
Fancy Games USD,FNC-USD,2023-02-20,0.0033990000374615,0.0035149999894201,0.0033489998895674,0.0034519999753683,0.0034519999753683,10737
Fancy Games USD,FNC-USD,2023-02-21,0.0034539999905973,0.003478999948129,0.0031429999507963,0.0031789999920874,0.0031789999920874,15947
Fancy Games USD,FNC-USD,2023-02-22,0.0031769999768584,0.0031979999039322,0.0030670000705868,0.0031600000802427,0.0031600000802427,9377
Fancy Games USD,FNC-USD,2023-02-23,0.0031600000802427,0.0032299999147653,0.0031159999780356,0.0031520000193268,0.0031520000193268,7287
Fancy Games USD,FNC-USD,2023-02-24,0.0031520000193268,0.0031950001139193,0.0030320000369101,0.0030670000705868,0.0030670000705868,7761
Fancy Games USD,FNC-USD,2023-02-25,0.0030670000705868,0.0030670000705868,0.0029810001142323,0.0030370000749826,0.0030370000749826,7750
Fancy Games USD,FNC-USD,2023-02-26,0.0030360000673681,0.003133000107482,0.0030229999683797,0.0031230000313371,0.0031230000313371,7179
Fancy Games USD,FNC-USD,2023-02-27,0.0031220000237226,0.0032049999572336,0.0031030001118779,0.0031469999812543,0.0031469999812543,10443
Fancy Games USD,FNC-USD,2023-02-28,0.0031489999964833,0.0031489999964833,0.0030420001130551,0.0030499999411404,0.0030499999411404,7879
Fancy Games USD,FNC-USD,2023-03-01,0.0030499999411404,0.003220000071451,0.0030320000369101,0.0032190000638365,0.0032190000638365,8486
Fancy Games USD,FNC-USD,2023-03-02,0.003218000056222,0.0034930000547319,0.0031580000650137,0.0031989999115467,0.0031989999115467,43298
Fancy Games USD,FNC-USD,2023-03-03,0.0031989999115467,0.0032009999267756,0.0029200001154094,0.0029730000533163,0.0029730000533163,8129
Fancy Games USD,FNC-USD,2023-03-04,0.0029720000457018,0.0030459999106824,0.0029500001110136,0.0030410001054406,0.0030410001054406,9670
Fancy Games USD,FNC-USD,2023-03-05,0.0030410001054406,0.003169999923557,0.0029619999695569,0.0031469999812543,0.0031469999812543,14123
Fancy Games USD,FNC-USD,2023-03-06,0.0031469999812543,0.0032039999496191,0.0031340001150965,0.0031729999464005,0.0031729999464005,11734
Fancy Games USD,FNC-USD,2023-03-07,0.003173999954015,0.00322200008668,0.0030070000793784,0.0030590000096708,0.0030590000096708,8348
Fancy Games USD,FNC-USD,2023-03-08,0.0030600000172853,0.003167999908328,0.0030600000172853,0.0031099999323487,0.0031099999323487,8466
Fancy Games USD,FNC-USD,2023-03-09,0.0031109999399632,0.0031409999355673,0.002864999929443,0.0028989999555051,0.0028989999555051,8182
Fancy Games USD,FNC-USD,2023-03-10,0.0028999999631196,0.0028999999631196,0.002678999910131,0.0027850000187754,0.0027850000187754,8280
Fancy Games USD,FNC-USD,2023-03-11,0.0027880000416189,0.0030630000401288,0.0027850000187754,0.0030580000020563,0.0030580000020563,7887
Fancy Games USD,FNC-USD,2023-03-12,0.0030569999944418,0.0032210000790655,0.0028520000632852,0.0032049999572336,0.0032049999572336,8943
Fancy Games USD,FNC-USD,2023-03-13,0.0032049999572336,0.0034109998960047,0.0031109999399632,0.0033499998971819,0.0033499998971819,16493
Fancy Games USD,FNC-USD,2023-03-14,0.0033529999200254,0.0034719998948276,0.0032679999712854,0.0033269999548792,0.0033269999548792,8200
Fancy Games USD,FNC-USD,2023-03-15,0.0033249999396502,0.0033509999047964,0.003173999954015,0.0032420000061392,0.0032420000061392,9202
Fancy Games USD,FNC-USD,2023-03-16,0.0032430000137537,0.003303000004962,0.0032049999572336,0.0032689999788999,0.0032689999788999,8010
Fancy Games USD,FNC-USD,2023-03-17,0.0032679999712854,0.0035500000230968,0.0032339999452233,0.0035369999241083,0.0035369999241083,9521
Fancy Games USD,FNC-USD,2023-03-18,0.0035389999393373,0.0035389999393373,0.00330700003542,0.003311000065878,0.003311000065878,15242
Fancy Games USD,FNC-USD,2023-03-19,0.003311000065878,0.0034890000242739,0.003311000065878,0.003400000045076,0.003400000045076,8719
Fancy Games USD,FNC-USD,2023-03-20,0.0034010000526905,0.0035049999132752,0.0033219999168068,0.0033299999777227,0.0033299999777227,8987
Fancy Games USD,FNC-USD,2023-03-21,0.0033299999777227,0.0035089999437332,0.0033040000125765,0.0034719998948276,0.0034719998948276,8634
Fancy Games USD,FNC-USD,2023-03-22,0.003472999902442,0.0034990001004189,0.0031749999616295,0.0032009999267756,0.0032009999267756,9090
Fancy Games USD,FNC-USD,2023-03-23,0.0031999999191612,0.0033239999320358,0.0031399999279528,0.0033019999973475,0.0033019999973475,8548
Fancy Games USD,FNC-USD,2023-03-24,0.003303000004962,0.003387999953702,0.0032190000638365,0.0032510000746697,0.0032510000746697,8152
Fancy Games USD,FNC-USD,2023-03-25,0.0032520000822842,0.0032939999364316,0.0032039999496191,0.0032140000257641,0.0032140000257641,9076
Fancy Games USD,FNC-USD,2023-03-26,0.0032140000257641,0.00330700003542,0.003173999954015,0.0032669999636709,0.0032669999636709,10064
Fancy Games USD,FNC-USD,2023-03-27,0.0032679999712854,0.003305000020191,0.003131000092253,0.0031769999768584,0.0031769999768584,8409
Fancy Games USD,FNC-USD,2023-03-28,0.003175999969244,0.0033829999156296,0.0031280000694096,0.0033480001147836,0.0033480001147836,10742
Fancy Games USD,FNC-USD,2023-03-29,0.0033470001071691,0.0034370000939816,0.0033450000919401,0.0033740000799298,0.0033740000799298,8959
Fancy Games USD,FNC-USD,2023-03-30,0.0033760000951588,0.0034380001015961,0.0033219999168068,0.0033670000266283,0.0033670000266283,9303
Fancy Games USD,FNC-USD,2023-03-31,0.0033660000190138,0.0034090001136064,0.0032029999420046,0.0033340000081807,0.0033340000081807,9621
Fancy Games USD,FNC-USD,2023-04-01,0.0033340000081807,0.0034099998883903,0.0032999999821186,0.003311000065878,0.003311000065878,9087
Fancy Games USD,FNC-USD,2023-04-02,0.003400000045076,0.003400000045076,0.0033060000278055,0.0033480001147836,0.0033480001147836,9152
Fancy Games USD,FNC-USD,2023-04-03,0.0033480001147836,0.0033480001147836,0.00322200008668,0.0032929999288171,0.0032929999288171,8614
Fancy Games USD,FNC-USD,2023-04-04,0.0032949999440461,0.0034459999296814,0.0032810000702738,0.0034429999068379,0.0034429999068379,9182
Fancy Games USD,FNC-USD,2023-04-05,0.0034429999068379,0.0035399999469518,0.0034340000711381,0.0035339999012649,0.0035339999012649,8622
Fancy Games USD,FNC-USD,2023-04-06,0.0035339999012649,0.0035590000916272,0.0034099998883903,0.0034380001015961,0.0034380001015961,9217
Fancy Games USD,FNC-USD,2023-04-07,0.0034380001015961,0.0034620000515133,0.0033889999613165,0.0034539999905973,0.0034539999905973,9272
Fancy Games USD,FNC-USD,2023-04-08,0.0034519999753683,0.0034610000438988,0.0034080001059919,0.0034090001136064,0.0034090001136064,8786
Fancy Games USD,FNC-USD,2023-04-09,0.0034090001136064,0.0034570000134408,0.0033489998895674,0.0034280000254511,0.0034280000254511,8408
Fancy Games USD,FNC-USD,2023-04-10,0.0034300000406801,0.0035190000198781,0.0034129999112337,0.0035089999437332,0.0035089999437332,9055
Fancy Games USD,FNC-USD,2023-04-11,0.0035089999437332,0.0035530000459402,0.0034680000972002,0.0034779999405145,0.0034779999405145,8802
Fancy Games USD,FNC-USD,2023-04-12,0.003478999948129,0.0035449999850243,0.0034219999797642,0.003531000111252,0.003531000111252,8775
Fancy Games USD,FNC-USD,2023-04-13,0.0035250000655651,0.003709000069648,0.0035029998980462,0.0036889999173581,0.0036889999173581,9297
Fancy Games USD,FNC-USD,2023-04-14,0.0036889999173581,0.0038980001118034,0.0036879999097436,0.0037869999650865,0.0037869999650865,12403
Fancy Games USD,FNC-USD,2023-04-15,0.0037869999650865,0.0037990000564604,0.0036150000523775,0.0036299999337643,0.0036299999337643,16123
Fancy Games USD,FNC-USD,2023-04-16,0.0036299999337643,0.0037740000989288,0.0036019999533891,0.003698999993503,0.003698999993503,9429
Fancy Games USD,FNC-USD,2023-04-17,0.003698999993503,0.0037000000011175,0.0036130000371485,0.0036609999369829,0.0036609999369829,8602
Fancy Games USD,FNC-USD,2023-04-18,0.0036609999369829,0.0037120000924915,0.0033740000799298,0.0034280000254511,0.0034280000254511,20084
Fancy Games USD,FNC-USD,2023-04-19,0.0034250000026077,0.0034260000102221,0.0030749998986721,0.0030970000661909,0.0030970000661909,10898
Fancy Games USD,FNC-USD,2023-04-20,0.0030960000585764,0.0031409999355673,0.0029410000424832,0.0029800001066178,0.0029800001066178,14592
Fancy Games USD,FNC-USD,2023-04-21,0.0029770000837743,0.002998000010848,0.0028129999991506,0.0028339999262243,0.0028339999262243,7429
Fancy Games USD,FNC-USD,2023-04-22,0.0028339999262243,0.0028820000588893,0.0028309999033808,0.0028619999065995,0.0028619999065995,8040
Fancy Games USD,FNC-USD,2023-04-23,0.0028619999065995,0.0028659999370574,0.0028039999306201,0.0028470000252127,0.0028470000252127,7574
Fancy Games USD,FNC-USD,2023-04-24,0.0028470000252127,0.0029019999783486,0.0027920000720769,0.0028490000404417,0.0028490000404417,8187
Fancy Games USD,FNC-USD,2023-04-25,0.0028490000404417,0.0028919999022036,0.0027970001101493,0.0028780000284314,0.0028780000284314,6749
Fancy Games USD,FNC-USD,2023-04-26,0.0028780000284314,0.0030179999303072,0.0027789999730885,0.0028689999599009,0.0028689999599009,7619
Fancy Games USD,FNC-USD,2023-04-27,0.0028689999599009,0.0029700000304728,0.0028659999370574,0.0029380000196397,0.0029380000196397,6936
Fancy Games USD,FNC-USD,2023-04-28,0.0029370000120252,0.0029559999238699,0.0027920000720769,0.0028150000143796,0.0028150000143796,7653
Fancy Games USD,FNC-USD,2023-04-29,0.0028150000143796,0.0029080000240355,0.0028089999686926,0.0028919999022036,0.0028919999022036,7304
Fancy Games USD,FNC-USD,2023-04-30,0.0028939999174326,0.0029209998901933,0.0028309999033808,0.0028309999033808,0.0028309999033808,9044
Fancy Games USD,FNC-USD,2023-05-01,0.0028270001057535,0.0028270001057535,0.002684999955818,0.0027139999438077,0.0027139999438077,7168
Fancy Games USD,FNC-USD,2023-05-02,0.0027139999438077,0.0027419999241828,0.0026159998960793,0.0026529999449849,0.0026529999449849,12831
Fancy Games USD,FNC-USD,2023-05-03,0.0026509999297559,0.0026759998872876,0.0025810000952333,0.0026090000756084,0.0026090000756084,11023
Fancy Games USD,FNC-USD,2023-05-04,0.0026090000756084,0.0026269999798387,0.0025609999429434,0.0025700000114738,0.0025700000114738,7769
Fancy Games USD,FNC-USD,2023-05-05,0.0025700000114738,0.0027290000580251,0.0025700000114738,0.0027260000351816,0.0027260000351816,6641
Fancy Games USD,FNC-USD,2023-05-06,0.0027260000351816,0.0027540000155568,0.0025740000419318,0.0025969999842345,0.0025969999842345,7340
Fancy Games USD,FNC-USD,2023-05-07,0.0025969999842345,0.0026479999069124,0.0025720000267028,0.0025720000267028,0.0025720000267028,6697
Fancy Games USD,FNC-USD,2023-05-08,0.0025720000267028,0.0025849998928606,0.0025009999517351,0.0025329999625682,0.0025329999625682,6383
Fancy Games USD,FNC-USD,2023-05-09,0.0025329999625682,0.0025410000234842,0.0025059999898076,0.0025289999321103,0.0025289999321103,6652
Fancy Games USD,FNC-USD,2023-05-10,0.0025289999321103,0.0025770000647753,0.0024610001128166,0.0025160000659525,0.0025160000659525,6167
Fancy Games USD,FNC-USD,2023-05-11,0.0025160000659525,0.0025180000811815,0.002430000109598,0.0024540000595152,0.0024540000595152,6036
Fancy Games USD,FNC-USD,2023-05-12,0.0024540000595152,0.0024810000322759,0.002381999976933,0.0024759999942034,0.0024759999942034,9215
Fancy Games USD,FNC-USD,2023-05-13,0.0024739999789744,0.0024840000551193,0.0024319998919963,0.0024409999605268,0.0024409999605268,6786
Fancy Games USD,FNC-USD,2023-05-14,0.0024409999605268,0.002462999895215,0.002377999946475,0.0023870000150054,0.0023870000150054,9696
Fancy Games USD,FNC-USD,2023-05-15,0.0023860000073909,0.0024369999300688,0.0023860000073909,0.0024009998887777,0.0024009998887777,6378
Fancy Games USD,FNC-USD,2023-05-16,0.0024029999040067,0.0024709999561309,0.0023809999693185,0.0024570000823587,0.0024570000823587,6027
Fancy Games USD,FNC-USD,2023-05-17,0.0024580000899732,0.0024719999637454,0.0023990001063793,0.0024570000823587,0.0024570000823587,5985
Fancy Games USD,FNC-USD,2023-05-18,0.0024570000823587,0.0024659999180585,0.0023900000378489,0.002422000048682,0.002422000048682,6041
Fancy Games USD,FNC-USD,2023-05-19,0.0024230000562965,0.0024439999833703,0.0023630000650882,0.0024329998996108,0.0024329998996108,5941
Fancy Games USD,FNC-USD,2023-05-20,0.0024339999072253,0.0024339999072253,0.0023590000346302,0.0023749999236315,0.0023749999236315,6331
Fancy Games USD,FNC-USD,2023-05-21,0.0023749999236315,0.0023849999997764,0.0023610000498592,0.0023670000955462,0.0023670000955462,5944
Fancy Games USD,FNC-USD,2023-05-22,0.0023670000955462,0.0024459999985992,0.0023529999889433,0.0024079999420791,0.0024079999420791,6409
Fancy Games USD,FNC-USD,2023-05-23,0.0024079999420791,0.0025569999124854,0.0023769999388605,0.002553999889642,0.002553999889642,6469
Fancy Games USD,FNC-USD,2023-05-24,0.002553999889642,0.002553999889642,0.0024480000138282,0.0024540000595152,0.0024540000595152,6130
Fancy Games USD,FNC-USD,2023-05-25,0.0024540000595152,0.0024580000899732,0.0023380001075565,0.0023590000346302,0.0023590000346302,6357
Fancy Games USD,FNC-USD,2023-05-26,0.0023590000346302,0.0024989999365061,0.0023590000346302,0.0024910001084208,0.0024910001084208,6286
Fancy Games USD,FNC-USD,2023-05-27,0.0024910001084208,0.002513000043109,0.0023860000073909,0.002509000012651,0.002509000012651,5612
Fancy Games USD,FNC-USD,2023-05-28,0.002509000012651,0.0025460000615566,0.0023870000150054,0.0025029999669641,0.0025029999669641,7509
Fancy Games USD,FNC-USD,2023-05-29,0.0025029999669641,0.0025200000964105,0.0024659999180585,0.0024739999789744,0.0024739999789744,6321
Fancy Games USD,FNC-USD,2023-05-30,0.0024729999713599,0.0025289999321103,0.002462999895215,0.0025120000354945,0.0025120000354945,6185
Fancy Games USD,FNC-USD,2023-05-31,0.00251100002788,0.0025180000811815,0.0024490000214427,0.0024739999789744,0.0024739999789744,7221
Fancy Games USD,FNC-USD,2023-06-01,0.0024739999789744,0.0024739999789744,0.0024029999040067,0.0024109999649226,0.0024109999649226,6113
Fancy Games USD,FNC-USD,2023-06-02,0.0024119999725371,0.0025579999200999,0.0023980000987648,0.0024759999942034,0.0024759999942034,5967
Fancy Games USD,FNC-USD,2023-06-03,0.0024759999942034,0.0024759999942034,0.0022140000946819,0.0022209999151527,0.0022209999151527,23317
Fancy Games USD,FNC-USD,2023-06-04,0.0022209999151527,0.0022319999989122,0.0021240001078695,0.0021269998978823,0.0021269998978823,6776
Fancy Games USD,FNC-USD,2023-06-05,0.0021269998978823,0.0021269998978823,0.0018939999863505,0.0019079999765381,0.0019079999765381,11296
Fancy Games USD,FNC-USD,2023-06-06,0.0019079999765381,0.0020079999230802,0.001899000024423,0.001977999927476,0.001977999927476,5150
Fancy Games USD,FNC-USD,2023-06-07,0.001977999927476,0.0019890000112354,0.001916000037454,0.0019270000047981,0.0019270000047981,4805
Fancy Games USD,FNC-USD,2023-06-08,0.0019270000047981,0.0019660000689327,0.0019270000047981,0.0019529999699443,0.0019529999699443,4759
Fancy Games USD,FNC-USD,2023-06-09,0.0019539999775588,0.0019549999851733,0.0019170000450685,0.0019280000124126,0.0019280000124126,5471
Fancy Games USD,FNC-USD,2023-06-10,0.0019280000124126,0.0019320000428706,0.001803999999538,0.0018530000234022,0.0018530000234022,4861
Fancy Games USD,FNC-USD,2023-06-11,0.0018530000234022,0.0018739999504759,0.0018420000560581,0.0018530000234022,0.0018530000234022,4679
Fancy Games USD,FNC-USD,2023-06-12,0.0018530000234022,0.0018530000234022,0.001808000029996,0.0018240000354126,0.0018240000354126,4528
Fancy Games USD,FNC-USD,2023-06-13,0.0018240000354126,0.0018439999548718,0.0018240000354126,0.0018350000027567,0.0018350000027567,4587
Fancy Games USD,FNC-USD,2023-06-14,0.0018350000027567,0.0018439999548718,0.0017359999474138,0.0017490000464022,0.0017490000464022,4603
Fancy Games USD,FNC-USD,2023-06-15,0.0017480000387877,0.0018260000506415,0.0017310000257566,0.0017600000137463,0.0017600000137463,4602
Fancy Games USD,FNC-USD,2023-06-16,0.0017600000137463,0.0018119999440386,0.0017379999626427,0.0018029999919235,0.0018029999919235,4637
Fancy Games USD,FNC-USD,2023-06-17,0.0018029999919235,0.0018390000332146,0.0017930000321939,0.001806000014767,0.001806000014767,4785
Fancy Games USD,FNC-USD,2023-06-18,0.001806000014767,0.001810000045225,0.0014959999825805,0.0015119999879971,0.0015119999879971,29913
Fancy Games USD,FNC-USD,2023-06-19,0.0015119999879971,0.0018269999418407,0.0014819999923929,0.0014850000152364,0.0014850000152364,7398
Fancy Games USD,FNC-USD,2023-06-20,0.0014870000304654,0.0014959999825805,0.0014309999532997,0.0014959999825805,0.0014959999825805,5128
Fancy Games USD,FNC-USD,2023-06-21,0.0014959999825805,0.0016520000062882,0.0014959999825805,0.0016469999682158,0.0016469999682158,4675
Fancy Games USD,FNC-USD,2023-06-22,0.0016459999606013,0.0016799999866634,0.0015529999509453,0.0015750000020489,0.0015750000020489,4819
Fancy Games USD,FNC-USD,2023-06-23,0.0015750000020489,0.0016319999704137,0.0015630000270903,0.0015689999563619,0.0015689999563619,4765
Fancy Games USD,FNC-USD,2023-06-24,0.0015699999639764,0.0016680000117048,0.0015600000042468,0.0016449999529868,0.0016449999529868,4602
Fancy Games USD,FNC-USD,2023-06-25,0.0016449999529868,0.0017500000540167,0.0016410000389441,0.0017310000257566,0.0017310000257566,4596
Fancy Games USD,FNC-USD,2023-06-26,0.0017310000257566,0.0017320000333711,0.0015350000467151,0.0015480000292882,0.0015480000292882,4645
Fancy Games USD,FNC-USD,2023-06-27,0.0015490000369027,0.0018279999494552,0.0015239999629557,0.0015330000314861,0.0015330000314861,7882
Fancy Games USD,FNC-USD,2023-06-28,0.0015330000314861,0.0015330000314861,0.0014700000174343,0.0014850000152364,0.0014850000152364,4655
Fancy Games USD,FNC-USD,2023-06-29,0.0014850000152364,0.0018269999418407,0.0014850000152364,0.0016060000052675,0.0016060000052675,4594
Fancy Games USD,FNC-USD,2023-06-30,0.001604999997653,0.0018269999418407,0.0015709999715909,0.0015800000401213,0.0015800000401213,4606
Fancy Games USD,FNC-USD,2023-07-01,0.0015810000477358,0.001585999969393,0.0015559999737888,0.0015660000499337,0.0015660000499337,4612
Fancy Games USD,FNC-USD,2023-07-02,0.0015660000499337,0.0015760000096634,0.0015379999531432,0.0015620000194758,0.0015620000194758,4743
Fancy Games USD,FNC-USD,2023-07-03,0.0015620000194758,0.0016360000008717,0.0015610000118613,0.0016240000259131,0.0016240000259131,4597
Fancy Games USD,FNC-USD,2023-07-04,0.0016240000259131,0.0018269999418407,0.0015569999814033,0.0015589999966323,0.0015589999966323,67
Fancy Games USD,FNC-USD,2023-07-05,0.0015589999966323,0.0015650000423192,0.0015340000391006,0.0015379999531432,0.0015379999531432,15
Fancy Games USD,FNC-USD,2023-07-06,0.0015379999531432,0.0015729999868199,0.0014890000456944,0.0014890000456944,0.0014890000456944,0
Fancy Games USD,FNC-USD,2023-07-07,0.0014900000533089,0.0015089999651536,0.0014890000456944,0.0015040000434964,0.0015040000434964,1
Fancy Games USD,FNC-USD,2023-07-08,0.0015040000434964,0.0015040000434964,0.0014840000076219,0.001499000005424,0.001499000005424,5
Fancy Games USD,FNC-USD,2023-07-09,0.001499000005424,0.0015040000434964,0.0014939999673515,0.0014979999978095,0.0014979999978095,0
Fancy Games USD,FNC-USD,2023-07-10,0.0014979999978095,0.0015330000314861,0.0014870000304654,0.0015140000032261,0.0015140000032261,17
Fancy Games USD,FNC-USD,2023-07-11,0.0015140000032261,0.0015210000565275,0.001501000020653,0.0015119999879971,0.0015119999879971,3
Fancy Games USD,FNC-USD,2023-07-12,0.0015119999879971,0.0015290000010281,0.001494999974966,0.0015000000130385,0.0015000000130385,40
Fancy Games USD,FNC-USD,2023-07-13,0.0015000000130385,0.001609000028111,0.0014939999673515,0.001607000012882,0.001607000012882,1
Fancy Games USD,FNC-USD,2023-07-14,0.0016060000052675,0.0016199999954551,0.0015210000565275,0.0015460000140592,0.0015460000140592,44
Fancy Games USD,FNC-USD,2023-07-15,0.0015460000140592,0.0015510000521317,0.0015379999531432,0.0015399999683722,0.0015399999683722,9
Fancy Games USD,FNC-USD,2023-07-16,0.0015399999683722,0.0015480000292882,0.0015300000086426,0.0015320000238716,0.0015320000238716,6
Fancy Games USD,FNC-USD,2023-07-17,0.0015320000238716,0.0015419999836012,0.0014530000044032,0.0014550000196322,0.0014550000196322,824
Fancy Games USD,FNC-USD,2023-07-18,0.0014550000196322,0.0014619999565184,0.0012969999806955,0.0013379999436438,0.0013379999436438,4450
Fancy Games USD,FNC-USD,2023-07-19,0.0013379999436438,0.0013539999490603,0.0013269999762997,0.0013289999915286,0.0013289999915286,1149
Fancy Games USD,FNC-USD,2023-07-20,0.0013289999915286,0.0013879999751225,0.001321000047028,0.0013549999566748,0.0013549999566748,0
Fancy Games USD,FNC-USD,2023-07-21,0.0013549999566748,0.0013930000131949,0.0013539999490603,0.001386999967508,0.001386999967508,0
Fancy Games USD,FNC-USD,2023-07-22,0.001386999967508,0.001386999967508,0.0013079999480396,0.0013150000013411,0.0013150000013411,2
Fancy Games USD,FNC-USD,2023-07-23,0.0013150000013411,0.0013409999664872,0.0013099999632686,0.0013299999991431,0.0013299999991431,10
Fancy Games USD,FNC-USD,2023-07-24,0.0013299999991431,0.0013310000067576,0.0012929999502375,0.001302000018768,0.001302000018768,1
Fancy Games USD,FNC-USD,2023-07-25,0.001302000018768,0.0013139999937266,0.001300000003539,0.0013079999480396,0.0013079999480396,0
Fancy Games USD,FNC-USD,2023-07-26,0.0013079999480396,0.0013269999762997,0.001302000018768,0.00131700001657,0.00131700001657,2
Fancy Games USD,FNC-USD,2023-07-27,0.00131700001657,0.0013239999534562,0.0013040000339969,0.0013060000492259,0.0013060000492259,18
Fancy Games USD,FNC-USD,2023-07-28,0.0013060000492259,0.0013060000492259,0.0012400000123307,0.0012509999796748,0.0012509999796748,446
Fancy Games USD,FNC-USD,2023-07-29,0.0012509999796748,0.0012570000253617,0.0012469999492168,0.0012540000025182,0.0012540000025182,3
Fancy Games USD,FNC-USD,2023-07-30,0.0012540000025182,0.0014029999729245,0.0012120000319555,0.0012179999612271,0.0012179999612271,2540
Fancy Games USD,FNC-USD,2023-07-31,0.0012179999612271,0.0012270000297576,0.0012120000319555,0.001215000054799,0.001215000054799,1
Fancy Games USD,FNC-USD,2023-08-01,0.001215000054799,0.0012229999992996,0.001187999965623,0.0012229999992996,0.0012229999992996,11
Fancy Games USD,FNC-USD,2023-08-02,0.0012229999992996,0.0012260000221431,0.0012000000569969,0.0012009999481961,0.0012009999481961,93
Fancy Games USD,FNC-USD,2023-08-03,0.0012009999481961,0.0012080000014975,0.0011919999960809,0.0011990000493824,0.0011990000493824,2
Fancy Games USD,FNC-USD,2023-08-04,0.0011990000493824,0.0012000000569969,0.0011830000439658,0.001187999965623,0.001187999965623,34
Fancy Games USD,FNC-USD,2023-08-05,0.001187999965623,0.0011909999884665,0.0011869999580085,0.0011909999884665,0.0011909999884665,0
Fancy Games USD,FNC-USD,2023-08-06,0.0011909999884665,0.0011919999960809,0.0011869999580085,0.0011869999580085,0.0011869999580085,5
Fancy Games USD,FNC-USD,2023-08-07,0.0011869999580085,0.0011970000341534,0.0011719999602064,0.001185999950394,0.001185999950394,7
Fancy Games USD,FNC-USD,2023-08-08,0.001185999950394,0.001215000054799,0.0011849999427795,0.001204999978654,0.001204999978654,1
Fancy Games USD,FNC-USD,2023-08-09,0.001204999978654,0.0012100000167265,0.001202999963425,0.001209000009112,0.001209000009112,0
Fancy Games USD,FNC-USD,2023-08-10,0.001209000009112,0.001209000009112,0.0011990000493824,0.0012019999558106,0.0012019999558106,1
Fancy Games USD,FNC-USD,2023-08-11,0.0012019999558106,0.001202999963425,0.001189999980852,0.0011950000189244,0.0011950000189244,32
Fancy Games USD,FNC-USD,2023-08-12,0.0011950000189244,0.0011970000341534,0.0011940000113099,0.0011950000189244,0.0011950000189244,3
Fancy Games USD,FNC-USD,2023-08-13,0.0011950000189244,0.0011960000265389,0.0011940000113099,0.0011950000189244,0.0011950000189244,0
Fancy Games USD,FNC-USD,2023-08-14,0.0011950000189244,0.0011960000265389,0.001187999965623,0.0011909999884665,0.0011909999884665,11
Fancy Games USD,FNC-USD,2023-08-15,0.001189999980852,0.0011909999884665,0.0011690000537782,0.0011749999830499,0.0011749999830499,33
Fancy Games USD,FNC-USD,2023-08-16,0.0011749999830499,0.0011749999830499,0.0011549999471753,0.0011599999852478,0.0011599999852478,17
Fancy Games USD,FNC-USD,2023-08-17,0.0011599999852478,0.0011599999852478,0.0010770000517368,0.0010799999581649,0.0010799999581649,0
Fancy Games USD,FNC-USD,2023-08-18,0.0010809999657794,0.0010890000266954,0.0010550000006332,0.0010639999527484,0.0010639999527484,10
Fancy Games USD,FNC-USD,2023-08-19,0.0010639999527484,0.0010839999886229,0.0010600000387057,0.0010689999908208,0.0010689999908208,4
Fancy Games USD,FNC-USD,2023-08-20,0.0010689999908208,0.0010689999908208,0.0010689999908208,0.0010689999908208,0.0010689999908208,0
Fancy Games USD,FNC-USD,2023-08-21,0.0010689999908208,0.001077999942936,0.0010570000158622,0.0010669999755918,0.0010669999755918,4
Fancy Games USD,FNC-USD,2023-08-22,0.0010679999832063,0.0010679999832063,0.0010209999745711,0.0010430000256747,0.0010430000256747,17
Fancy Games USD,FNC-USD,2023-08-23,0.0010440000332891,0.0010550000006332,0.0010410000104457,0.0010489999549463,0.0010489999549463,0
Fancy Games USD,FNC-USD,2023-08-24,0.0010489999549463,0.0010740000288933,0.0010479999473318,0.0010590000310912,0.0010590000310912,8
Fancy Games USD,FNC-USD,2023-08-25,0.0010590000310912,0.0010669999755918,0.0010440000332891,0.0010550000006332,0.0010550000006332,1
Fancy Games USD,FNC-USD,2023-08-26,0.0010550000006332,0.0010550000006332,0.0010290000354871,0.0010300000431016,0.0010300000431016,145
Fancy Games USD,FNC-USD,2023-08-27,0.0010300000431016,0.0010369999799877,0.0010290000354871,0.0010349999647587,0.0010349999647587,6
Fancy Games USD,FNC-USD,2023-08-28,0.0010349999647587,0.0010349999647587,0.0010310000507161,0.0010319999419152,0.0010319999419152,6
Fancy Games USD,FNC-USD,2023-08-29,0.0010319999419152,0.0010880000190809,0.0010239999974146,0.0010789999505504,0.0010789999505504,0
Fancy Games USD,FNC-USD,2023-08-30,0.0010789999505504,0.0010799999581649,0.0010600000387057,0.0010649999603629,0.0010649999603629,0
Fancy Games USD,FNC-USD,2023-08-31,0.0010649999603629,0.0010679999832063,0.001016000052914,0.0010219999821856,0.0010219999821856,46
Fancy Games USD,FNC-USD,2023-09-01,0.0010219999821856,0.0010260000126436,0.0010189999593421,0.0010219999821856,0.0010219999821856,0
Fancy Games USD,FNC-USD,2023-09-02,0.0010219999821856,0.0010219999821856,0.001012000022456,0.001016000052914,0.001016000052914,2
Fancy Games USD,FNC-USD,2023-09-03,0.001016000052914,0.0010209999745711,0.0010089999996125,0.0010150000452995,0.0010150000452995,2
Fancy Games USD,FNC-USD,2023-09-04,0.0010150000452995,0.0010199999669566,0.0010029999539256,0.001010000007227,0.001010000007227,12
Fancy Games USD,FNC-USD,2023-09-05,0.001010000007227,0.0010130000300705,0.0009990000398829,0.0010110000148415,0.0010110000148415,1
Fancy Games USD,FNC-USD,2023-09-06,0.0010110000148415,0.0010150000452995,0.001007999991998,0.0010110000148415,0.0010110000148415,0
Fancy Games USD,FNC-USD,2023-09-07,0.0010110000148415,0.0010199999669566,0.0010049999691545,0.001016000052914,0.001016000052914,51
Fancy Games USD,FNC-USD,2023-09-08,0.0010150000452995,0.0010209999745711,0.0009970000246539,0.001007999991998,0.001007999991998,0
Fancy Games USD,FNC-USD,2023-09-09,0.001007999991998,0.0010089999996125,0.001005999976769,0.0010069999843835,0.0010069999843835,0
Fancy Games USD,FNC-USD,2023-09-10,0.0010069999843835,0.0010069999843835,0.0010069999843835,0.0010069999843835,0.0010069999843835,0
Fancy Games USD,FNC-USD,2023-09-11,0.0010069999843835,0.0010069999843835,0.0010069999843835,0.0010069999843835,0.0010069999843835,0
Fancy Games USD,FNC-USD,2023-09-12,0.0010069999843835,0.0010069999843835,0.0009779999963939,0.0009820000268518,0.0009820000268518,0
Fancy Games USD,FNC-USD,2023-09-13,0.0009820000268518,0.000990999978967,0.0009749999735504,0.0009899999713525,0.0009899999713525,3
Fancy Games USD,FNC-USD,2023-09-14,0.0009902931051328,0.0010077714687213,0.0009902931051328,0.0010057693580165,0.0010057693580165,3
Fancy Games USD,FNC-USD,2023-09-15,0.0009999425383284,0.0010052885627374,0.00099840213079,0.0010019614128395,0.0010019614128395,14
Fancy Games USD,FNC-USD,2023-09-16,0.0010081171058118,0.0010081171058118,0.0010081171058118,0.0010081171058118,0.0010081171058118,11
Fancy Games USD,FNC-USD,2023-09-17,0.0010081171058118,0.0010081171058118,0.0010023001814261,0.0010034908773377,0.0010034908773377,0
Fancy Games USD,FNC-USD,2023-09-18,0.0010034342994913,0.0010034342994913,0.000990976113826,0.0009951603133231,0.0009951603133231,5
Fancy Games USD,FNC-USD,2023-09-19,0.001004310674034,0.0010157908545807,0.0009993416024371,0.0010103993117809,0.0010103993117809,0
Fancy Games USD,FNC-USD,2023-09-21,0.0010103993117809,0.0010103993117809,0.0010103993117809,0.0010103993117809,0.0010103993117809,0
Fancy Games USD,FNC-USD,2023-09-22,0.0009705247357487,0.0009708980214782,0.0009705247357487,0.0009708980214782,0.0009708980214782,8
Fancy Games USD,FNC-USD,2023-09-24,0.0009754407801665,0.000976140028797,0.0009746593423187,0.0009750991594046,0.0009750991594046,0
Fancy Games USD,FNC-USD,2023-09-20,0.001010000007227,0.001010000007227,0.001010000007227,0.001010000007227,0.001010000007227,0
Fancy Games USD,FNC-USD,2023-09-23,0.0009759999811649,0.0009779999963939,0.0009730000165291,0.0009749999735504,0.0009749999735504,2
Fancy Games USD,FNC-USD,2023-09-25,0.0009676911868155,0.0009676911868155,0.0009676911868155,0.0009676911868155,0.0009676911868155,0
Fancy Games USD,FNC-USD,2023-09-26,0.0009676911868155,0.0009676911868155,0.0009676911868155,0.0009676911868155,0.0009676911868155,0
Fancy Games USD,FNC-USD,2023-09-27,0.0009676911868155,0.0009676911868155,0.0009676911868155,0.0009676911868155,0.0009676911868155,0
Fancy Games USD,FNC-USD,2023-09-28,0.0009676911868155,0.0010179152013733,0.0009676911868155,0.0010113895405083,0.0010113895405083,3
Fancy Games USD,FNC-USD,2023-09-29,0.0010113413445651,0.0010305969044566,0.0010092289885506,0.0010196729563176,0.0010196729563176,2
Fancy Games USD,FNC-USD,2023-09-30,0.0010201202239841,0.0010347564239054,0.0010197621304541,0.0010240304982289,0.0010240304982289,0
Fancy Games USD,FNC-USD,2023-10-01,0.0010223638964816,0.0010345053160563,0.0010223638964816,0.0010331225348636,0.0010331225348636,0
Fancy Games USD,FNC-USD,2023-10-02,0.0010331225348636,0.0010331225348636,0.0010331225348636,0.0010331225348636,0.0010331225348636,0
Fancy Games USD,FNC-USD,2023-10-03,0.0010331225348636,0.0010331225348636,0.0010081698419526,0.0010102842934429,0.0010102842934429,0
Fancy Games USD,FNC-USD,2023-10-04,0.001014000037685,0.001014000037685,0.0009970000246539,0.0010029999539256,0.0010029999539256,36
Fancy Games USD,FNC-USD,2023-10-05,0.001002654666081,0.0010067119728773,0.0009976630099117,0.0009976630099117,0.0009976630099117,34
Fancy Games USD,FNC-USD,2023-10-06,0.0009819060796871,0.0010083864908665,0.0009819060796871,0.0010060170898213,0.0010060170898213,1
Fancy Games USD,FNC-USD,2023-10-07,0.0010017860913649,0.0010034212609753,0.000997134600766,0.0009977568406611,0.0009977568406611,1
Fancy Games USD,FNC-USD,2023-10-08,0.0009977568406611,0.0009983346099033,0.0009855421958491,0.0009937143186107,0.0009937143186107,9
Fancy Games USD,FNC-USD,2023-10-09,0.0009940873133018613,0.0009940873133018613,0.0009476257837377489,0.0009617944597266614,0.0009617944597266614,1
